0,0,149.43
0,1,145.30
0,2,146.96
0,3,151.91
0,4,159.34
0,5,159.34
0,6,147.23
0,7,160.17
0,8,155.21
0,9,145.30
0,10,197.32
0,11,189.06
0,12,189.89
0,13,196.49
0,14,194.02
0,15,193.60
0,16,194.02
0,17,188.24
0,18,173.38
0,19,166.77
0,20,179.00
0,21,176.00
0,22,173.00
0,23,171.16
0,24,163.00
0,25,183.00
0,26,200.00
0,27,181.00
0,28,207.00
0,29,212.00
0,30,182.00
0,31,187.00
0,32,190.00
0,33,192.00
0,34,178.00
0,35,170.00
0,36,176.00
0,37,175.00
0,38,181.00
0,39,176.00
1,0,154.39
1,1,149.43
1,2,148.61
1,3,149.43
1,4,162.64
1,5,147.04
1,6,146.96
1,7,170.07
1,8,165.12
1,9,147.78
1,10,190.71
1,11,201.45
1,12,203.92
1,13,208.88
1,14,188.24
1,15,182.46
1,16,194.02
1,17,188.24
1,18,183.28
1,19,174.20
1,20,183.00
1,21,185.00
1,22,170.00
1,23,157.00
1,24,171.00
1,25,191.00
1,26,183.00
1,27,216.00
1,28,183.00
1,29,201.00
1,30,192.00
1,31,203.00
1,32,199.00
1,33,206.00
1,34,181.00
1,35,176.77
1,36,168.00
1,37,172.00
1,38,182.00
1,39,156.00
2,0,137.87
2,1,146.68
2,2,148.61
2,3,153.19
2,4,153.56
2,5,137.87
2,6,156.86
2,7,155.21
2,8,164.29
2,9,183.28
2,10,182.46
2,11,185.76
2,12,189.79
2,13,181.63
2,14,202.27
2,15,170.07
2,16,173.38
2,17,196.49
2,18,172.55
2,19,194.84
2,20,172.00
2,21,187.00
2,22,184.00
2,23,176.00
2,24,184.00
2,25,192.00
2,26,199.00
2,27,196.00
2,28,207.00
2,29,207.00
2,30,205.00
2,31,193.00
2,32,176.00
2,33,165.00
2,34,184.00
2,35,164.00
2,36,170.00
2,37,159.00
2,38,179.00
2,39,166.00
3,0,154.39
3,1,151.08
3,2,152.74
3,3,148.61
3,4,153.92
3,5,156.04
3,6,140.35
3,7,156.86
3,8,175.03
3,9,170.90
3,10,170.90
3,11,187.41
3,12,191.54
3,13,187.41
3,14,206.40
3,15,202.27
3,16,197.32
3,17,194.02
3,18,164.29
3,19,196.49
3,20,179.00
3,21,175.00
3,22,174.00
3,23,182.00
3,24,181.00
3,25,186.00
3,26,191.77
3,27,179.00
3,28,186.00
3,29,200.00
3,30,184.00
3,31,204.00
3,32,199.00
3,33,190.00
3,34,194.00
3,35,199.00
3,36,193.00
3,37,175.00
3,38,186.00
3,39,184.00
4,0,161.82
4,1,166.77
4,2,150.26
4,3,166.77
4,4,152.74
4,5,155.21
4,6,166.77
4,7,169.25
4,8,162.64
4,9,179.16
4,10,154.39
4,11,159.34
4,12,162.64
4,13,173.38
4,14,192.37
4,15,181.63
4,16,194.02
4,17,192.37
4,18,198.14
4,19,156.04
4,20,180.00
4,21,182.00
4,22,189.00
4,23,174.00
4,24,174.00
4,25,182.00
4,26,187.00
4,27,193.00
4,28,172.00
4,29,194.00
4,30,209.00
4,31,215.00
4,32,203.00
4,33,199.00
4,34,198.00
4,35,213.00
4,36,202.00
4,37,177.00
4,38,166.00
4,39,182.00
5,0,167.60
5,1,165.12
5,2,162.64
5,3,169.25
5,4,169.25
5,5,158.51
5,6,161.82
5,7,153.56
5,8,156.04
5,9,166.77
5,10,142.83
5,11,165.95
5,12,152.74
5,13,162.64
5,14,179.16
5,15,187.41
5,16,184.93
5,17,193.19
5,18,179.16
5,19,192.37
5,20,176.00
5,21,163.00
5,22,153.00
5,23,166.00
5,24,178.00
5,25,175.00
5,26,187.00
5,27,174.00
5,28,185.00
5,29,187.00
5,30,177.00
5,31,205.00
5,32,184.00
5,33,203.00
5,34,185.00
5,35,191.00
5,36,174.00
5,37,175.00
5,38,186.00
5,39,170.00
6,0,153.56
6,1,160.99
6,2,151.08
6,3,175.03
6,4,183.28
6,5,160.99
6,6,153.56
6,7,158.51
6,8,159.34
6,9,174.20
6,10,157.69
6,11,160.17
6,12,165.12
6,13,158.51
6,14,171.72
6,15,175.03
6,16,161.82
6,17,175.85
6,18,192.37
6,19,192.37
6,20,157.00
6,21,173.00
6,22,154.00
6,23,153.00
6,24,179.00
6,25,166.00
6,26,159.00
6,27,180.00
6,28,189.00
6,29,165.00
6,30,181.00
6,31,175.00
6,32,184.00
6,33,169.00
6,34,175.00
6,35,175.00
6,36,189.00
6,37,181.00
6,38,197.00
6,39,164.00
7,0,153.56
7,1,142.00
7,2,168.42
7,3,143.65
7,4,170.90
7,5,160.99
7,6,146.96
7,7,159.34
7,8,165.12
7,9,160.17
7,10,163.47
7,11,154.39
7,12,160.99
7,13,165.95
7,14,162.64
7,15,171.72
7,16,151.91
7,17,185.76
7,18,179.16
7,19,165.12
7,20,176.00
7,21,162.00
7,22,155.00
7,23,146.00
7,24,189.00
7,25,166.00
7,26,167.00
7,27,199.00
7,28,193.00
7,29,180.00
7,30,171.00
7,31,184.00
7,32,168.00
7,33,171.00
7,34,187.00
7,35,194.00
7,36,174.00
7,37,203.00
7,38,198.00
7,39,174.00
8,0,143.65
8,1,153.56
8,2,151.91
8,3,151.91
8,4,144.48
8,5,137.87
8,6,148.61
8,7,152.74
8,8,156.86
8,9,169.25
8,10,165.95
8,11,163.47
8,12,164.29
8,13,151.08
8,14,154.39
8,15,165.95
8,16,146.13
8,17,165.12
8,18,175.03
8,19,168.42
8,20,172.00
8,21,160.11
8,22,158.00
8,23,159.00
8,24,145.00
8,25,157.00
8,26,168.00
8,27,156.00
8,28,178.00
8,29,187.00
8,30,169.00
8,31,174.00
8,32,179.00
8,33,178.00
8,34,175.00
8,35,189.00
8,36,174.00
8,37,176.00
8,38,196.00
8,39,162.00
9,0,155.21
9,1,138.70
9,2,156.04
9,3,146.13
9,4,159.34
9,5,157.69
9,6,151.08
9,7,135.40
9,8,148.61
9,9,166.77
9,10,151.91
9,11,166.77
9,12,173.38
9,13,165.12
9,14,163.47
9,15,157.69
9,16,169.25
9,17,156.86
9,18,158.51
9,19,158.51
9,20,164.00
9,21,159.00
9,22,155.00
9,23,151.00
9,24,164.00
9,25,165.00
9,26,177.00
9,27,183.00
9,28,178.00
9,29,185.00
9,30,170.00
9,31,174.00
9,32,180.00
9,33,189.00
9,34,180.77
9,35,187.00
9,36,185.00
9,37,183.00
9,38,173.00
9,39,188.00
10,0,137.05
10,1,135.40
10,2,141.18
10,3,133.75
10,4,145.30
10,5,127.97
10,6,138.70
10,7,138.70
10,8,140.35
10,9,138.70
10,10,149.43
10,11,141.18
10,12,165.95
10,13,162.64
10,14,162.64
10,15,155.21
10,16,160.99
10,17,146.96
10,18,143.65
10,19,136.22
10,20,165.00
10,21,146.00
10,22,156.00
10,23,159.00
10,24,160.00
10,25,162.00
10,26,170.00
10,27,164.00
10,28,182.00
10,29,177.00
10,30,163.00
10,31,193.00
10,32,184.00
10,33,182.00
10,34,189.00
10,35,183.00
10,36,184.00
10,37,184.00
10,38,182.00
10,39,176.00
11,0,136.22
11,1,165.12
11,2,146.96
11,3,146.96
11,4,146.13
11,5,150.26
11,6,149.43
11,7,152.74
11,8,132.09
11,9,154.39
11,10,157.69
11,11,160.17
11,12,176.68
11,13,155.21
11,14,154.39
11,15,151.08
11,16,153.10
11,17,149.25
11,18,138.70
11,19,139.53
11,20,159.00
11,21,152.00
11,22,143.00
11,23,156.00
11,24,145.00
11,25,151.00
11,26,156.00
11,27,161.00
11,28,163.00
11,29,150.00
11,30,172.00
11,31,187.00
11,32,175.00
11,33,165.00
11,34,163.00
11,35,192.00
11,36,170.00
11,37,185.00
11,38,176.00
11,39,182.00
12,0,145.30
12,1,156.04
12,2,170.07
12,3,142.83
12,4,138.70
12,5,163.47
12,6,140.35
12,7,151.08
12,8,128.79
12,9,133.75
12,10,151.08
12,11,159.34
12,12,146.13
12,13,141.18
12,14,136.22
12,15,155.21
12,16,150.26
12,17,157.69
12,18,144.48
12,19,148.61
12,20,150.00
12,21,141.00
12,22,147.00
12,23,141.00
12,24,151.00
12,25,158.00
12,26,166.00
12,27,166.00
12,28,168.00
12,29,155.00
12,30,158.00
12,31,172.00
12,32,165.00
12,33,162.00
12,34,177.00
12,35,152.00
12,36,193.00
12,37,159.00
12,38,178.00
12,39,187.00
13,0,136.22
13,1,141.18
13,2,160.17
13,3,149.43
13,4,146.13
13,5,145.30
13,6,153.56
13,7,153.56
13,8,149.43
13,9,149.43
13,10,149.43
13,11,138.70
13,12,127.14
13,13,151.08
13,14,145.30
13,15,145.30
13,16,167.60
13,17,150.26
13,18,146.13
13,19,150.26
13,20,155.00
13,21,147.00
13,22,136.00
13,23,141.00
13,24,143.00
13,25,143.00
13,26,159.00
13,27,167.00
13,28,161.00
13,29,174.00
13,30,167.00
13,31,182.00
13,32,170.00
13,33,165.00
13,34,187.00
13,35,167.00
13,36,189.00
13,37,200.00
13,38,199.00
13,39,178.00
14,0,140.35
14,1,151.91
14,2,146.96
14,3,162.64
14,4,164.29
14,5,153.56
14,6,147.78
14,7,149.43
14,8,149.43
14,9,150.26
14,10,141.18
14,11,124.66
14,12,136.22
14,13,133.75
14,14,151.91
14,15,152.74
14,16,148.05
14,17,147.78
14,18,151.08
14,19,140.35
14,20,153.00
14,21,159.00
14,22,140.00
14,23,142.00
14,24,143.00
14,25,150.00
14,26,156.00
14,27,169.00
14,28,165.00
14,29,161.00
14,30,170.00
14,31,153.00
14,32,172.00
14,33,159.00
14,34,162.00
14,35,181.00
14,36,181.00
14,37,190.00
14,38,180.00
14,39,178.00
15,0,156.86
15,1,135.40
15,2,138.70
15,3,148.61
15,4,157.69
15,5,139.53
15,6,156.86
15,7,156.04
15,8,146.96
15,9,154.39
15,10,137.05
15,11,142.00
15,12,148.61
15,13,139.53
15,14,135.40
15,15,145.30
15,16,150.26
15,17,143.65
15,18,142.00
15,19,151.08
15,20,144.00
15,21,154.00
15,22,140.00
15,23,140.00
15,24,137.00
15,25,142.00
15,26,143.00
15,27,160.00
15,28,151.00
15,29,151.00
15,30,158.00
15,31,153.00
15,32,162.00
15,33,170.00
15,34,176.00
15,35,173.00
15,36,189.00
15,37,201.00
15,38,190.00
15,39,196.00
16,0,155.21
16,1,144.48
16,2,141.18
16,3,139.53
16,4,150.26
16,5,147.78
16,6,164.29
16,7,133.75
16,8,127.97
16,9,166.77
16,10,155.21
16,11,141.18
16,12,139.53
16,13,155.21
16,14,146.96
16,15,146.13
16,16,137.05
16,17,143.65
16,18,133.75
16,19,145.30
16,20,146.00
16,21,137.00
16,22,138.00
16,23,137.00
16,24,135.00
16,25,128.00
16,26,137.00
16,27,139.00
16,28,135.00
16,29,133.00
16,30,148.00
16,31,152.00
16,32,158.00
16,33,161.00
16,34,174.00
16,35,185.00
16,36,153.00
16,37,178.00
16,38,176.00
16,39,183.00
17,0,155.21
17,1,150.26
17,2,156.04
17,3,146.96
17,4,154.39
17,5,130.44
17,6,146.13
17,7,134.57
17,8,143.65
17,9,143.65
17,10,151.91
17,11,153.56
17,12,143.65
17,13,151.91
17,14,137.87
17,15,145.30
17,16,141.18
17,17,148.61
17,18,141.18
17,19,148.61
17,20,136.00
17,21,143.00
17,22,151.00
17,23,141.00
17,24,147.00
17,25,141.00
17,26,136.00
17,27,134.00
17,28,145.00
17,29,152.00
17,30,144.00
17,31,138.00
17,32,134.00
17,33,150.00
17,34,174.00
17,35,170.00
17,36,165.00
17,37,162.00
17,38,182.00
17,39,173.00
18,0,153.56
18,1,164.29
18,2,152.74
18,3,142.00
18,4,120.54
18,5,134.57
18,6,138.70
18,7,151.08
18,8,129.62
18,9,151.91
18,10,142.00
18,11,147.78
18,12,146.13
18,13,142.83
18,14,156.04
18,15,139.53
18,16,142.83
18,17,146.13
18,18,137.05
18,19,156.86
18,20,146.00
18,21,147.00
18,22,145.00
18,23,134.00
18,24,146.00
18,25,146.00
18,26,148.00
18,27,144.00
18,28,140.33
18,29,149.00
18,30,134.00
18,31,131.00
18,32,134.00
18,33,144.00
18,34,152.00
18,35,176.00
18,36,166.00
18,37,168.00
18,38,166.00
18,39,177.50
19,0,138.70
19,1,142.83
19,2,132.92
19,3,132.92
19,4,142.00
19,5,142.83
19,6,140.35
19,7,146.13
19,8,133.75
19,9,134.71
19,10,137.87
19,11,136.22
19,12,139.53
19,13,142.83
19,14,139.53
19,15,143.65
19,16,142.83
19,17,142.83
19,18,155.21
19,19,133.75
19,20,157.00
19,21,148.00
19,22,137.00
19,23,149.00
19,24,150.00
19,25,155.00
19,26,143.00
19,27,134.00
19,28,146.00
19,29,137.00
19,30,137.00
19,31,135.00
19,32,148.00
19,33,143.88
19,34,157.00
19,35,163.00
19,36,182.00
19,37,173.00
19,38,171.00
19,39,176.00
20,0,X
20,1,X
20,2,X
20,3,X
20,4,X
20,5,X
20,6,X
20,7,X
20,8,X
20,9,X
20,10,X
20,11,X
20,12,X
20,13,X
20,14,X
20,15,X
20,16,X
20,17,X
20,18,X
20,19,X
20,20,152.00
20,21,152.00
20,22,143.00
20,23,166.00
20,24,145.00
20,25,152.00
20,26,135.11
20,27,148.00
20,28,134.00
20,29,160.00
20,30,137.00
20,31,68.00
20,32,152.00
20,33,143.00
20,34,150.00
20,35,191.00
20,36,156.00
20,37,158.00
20,38,154.00
20,39,158.00
21,0,X
21,1,X
21,2,X
21,3,X
21,4,X
21,5,X
21,6,X
21,7,X
21,8,X
21,9,X
21,10,X
21,11,X
21,12,X
21,13,X
21,14,X
21,15,X
21,16,X
21,17,X
21,18,X
21,19,X
21,20,143.00
21,21,136.00
21,22,152.00
21,23,177.00
21,24,162.00
21,25,150.00
21,26,139.55
21,27,159.00
21,28,144.00
21,29,180.00
21,30,152.00
21,31,69.00
21,32,192.00
21,33,158.00
21,34,175.00
21,35,142.00
21,36,182.00
21,37,160.00
21,38,159.33
21,39,160.00
22,0,X
22,1,X
22,2,X
22,3,X
22,4,X
22,5,X
22,6,X
22,7,X
22,8,X
22,9,X
22,10,X
22,11,X
22,12,X
22,13,X
22,14,X
22,15,X
22,16,X
22,17,X
22,18,X
22,19,X
22,20,150.16
22,21,154.00
22,22,187.00
22,23,166.00
22,24,169.00
22,25,151.00
22,26,178.00
22,27,166.00
22,28,176.00
22,29,166.00
22,30,149.55
22,31,171.00
22,32,187.00
22,33,142.00
22,34,156.00
22,35,169.00
22,36,152.00
22,37,150.00
22,38,150.00
22,39,150.00
23,0,X
23,1,X
23,2,X
23,3,X
23,4,X
23,5,X
23,6,X
23,7,X
23,8,X
23,9,X
23,10,X
23,11,X
23,12,X
23,13,X
23,14,X
23,15,X
23,16,X
23,17,X
23,18,X
23,19,X
23,20,145.00
23,21,155.00
23,22,173.00
23,23,157.00
23,24,162.00
23,25,170.00
23,26,165.00
23,27,157.44
23,28,159.00
23,29,171.00
23,30,172.00
23,31,175.00
23,32,155.00
23,33,156.00
23,34,146.00
23,35,162.00
23,36,170.00
23,37,162.00
23,38,176.00
23,39,172.00
24,0,X
24,1,X
24,2,X
24,3,X
24,4,X
24,5,X
24,6,X
24,7,X
24,8,X
24,9,X
24,10,X
24,11,X
24,12,X
24,13,X
24,14,X
24,15,X
24,16,X
24,17,X
24,18,X
24,19,X
24,20,176.00
24,21,170.11
24,22,173.00
24,23,182.00
24,24,170.00
24,25,181.00
24,26,170.93
24,27,166.00
24,28,191.00
24,29,191.00
24,30,163.00
24,31,160.11
24,32,166.00
24,33,165.00
24,34,157.00
24,35,157.00
24,36,175.00
24,37,171.66
24,38,167.00
24,39,172.00
25,0,X
25,1,X
25,2,X
25,3,X
25,4,X
25,5,X
25,6,X
25,7,X
25,8,X
25,9,X
25,10,X
25,11,X
25,12,X
25,13,X
25,14,X
25,15,X
25,16,X
25,17,X
25,18,X
25,19,X
25,20,179.66
25,21,176.00
25,22,175.00
25,23,185.00
25,24,173.44
25,25,184.00
25,26,176.88
25,27,179.00
25,28,174.00
25,29,181.00
25,30,168.44
25,31,161.77
25,32,157.00
25,33,167.33
25,34,183.00
25,35,168.00
25,36,164.00
25,37,168.00
25,38,175.00
25,39,182.00
26,0,X
26,1,X
26,2,X
26,3,X
26,4,X
26,5,X
26,6,X
26,7,X
26,8,X
26,9,X
26,10,X
26,11,X
26,12,X
26,13,X
26,14,X
26,15,X
26,16,X
26,17,X
26,18,X
26,19,X
26,20,175.00
26,21,193.00
26,22,186.00
26,23,188.00
26,24,176.00
26,25,181.00
26,26,185.00
26,27,180.00
26,28,180.00
26,29,179.00
26,30,168.00
26,31,154.22
26,32,168.00
26,33,193.00
26,34,181.00
26,35,182.00
26,36,185.00
26,37,172.00
26,38,175.00
26,39,176.00
27,0,X
27,1,X
27,2,X
27,3,X
27,4,X
27,5,X
27,6,X
27,7,X
27,8,X
27,9,X
27,10,X
27,11,X
27,12,X
27,13,X
27,14,X
27,15,X
27,16,X
27,17,X
27,18,X
27,19,X
27,20,178.00
27,21,179.00
27,22,156.00
27,23,159.00
27,24,161.00
27,25,161.00
27,26,165.00
27,27,168.00
27,28,145.00
27,29,149.00
27,30,148.00
27,31,149.00
27,32,155.00
27,33,168.00
27,34,158.00
27,35,195.00
27,36,168.00
27,37,186.00
27,38,179.00
27,39,162.00
28,0,X
28,1,X
28,2,X
28,3,X
28,4,X
28,5,X
28,6,X
28,7,X
28,8,X
28,9,X
28,10,X
28,11,X
28,12,X
28,13,X
28,14,X
28,15,X
28,16,X
28,17,X
28,18,X
28,19,X
28,20,156.00
28,21,153.00
28,22,159.00
28,23,147.00
28,24,159.00
28,25,162.00
28,26,148.00
28,27,160.00
28,28,155.00
28,29,154.00
28,30,147.00
28,31,170.00
28,32,139.00
28,33,149.00
28,34,151.00
28,35,190.00
28,36,189.00
28,37,174.00
28,38,194.00
28,39,173.00
29,0,X
29,1,X
29,2,X
29,3,X
29,4,X
29,5,X
29,6,X
29,7,X
29,8,X
29,9,X
29,10,X
29,11,X
29,12,X
29,13,X
29,14,X
29,15,X
29,16,X
29,17,X
29,18,X
29,19,X
29,20,162.00
29,21,151.00
29,22,149.00
29,23,134.00
29,24,139.00
29,25,163.00
29,26,151.00
29,27,140.00
29,28,143.00
29,29,149.00
29,30,150.00
29,31,170.00
29,32,133.00
29,33,154.00
29,34,154.00
29,35,179.00
29,36,164.00
29,37,159.00
29,38,183.00
29,39,163.00
30,0,X
30,1,X
30,2,X
30,3,X
30,4,X
30,5,X
30,6,X
30,7,X
30,8,X
30,9,X
30,10,X
30,11,X
30,12,X
30,13,X
30,14,X
30,15,X
30,16,X
30,17,X
30,18,X
30,19,X
30,20,140.00
30,21,140.00
30,22,139.00
30,23,140.00
30,24,138.00
30,25,141.00
30,26,136.00
30,27,135.00
30,28,139.00
30,29,143.00
30,30,137.00
30,31,141.00
30,32,145.00
30,33,150.00
30,34,140.00
30,35,149.00
30,36,171.00
30,37,161.00
30,38,173.00
30,39,170.00
31,0,X
31,1,X
31,2,X
31,3,X
31,4,X
31,5,X
31,6,X
31,7,X
31,8,X
31,9,X
31,10,X
31,11,X
31,12,X
31,13,X
31,14,X
31,15,X
31,16,X
31,17,X
31,18,X
31,19,X
31,20,134.00
31,21,135.00
31,22,130.00
31,23,133.00
31,24,136.00
31,25,144.00
31,26,134.00
31,27,137.00
31,28,138.00
31,29,146.00
31,30,135.00
31,31,146.00
31,32,155.00
31,33,139.00
31,34,144.00
31,35,158.00
31,36,155.00
31,37,173.00
31,38,165.00
31,39,166.00
32,0,X
32,1,X
32,2,X
32,3,X
32,4,X
32,5,X
32,6,X
32,7,X
32,8,X
32,9,X
32,10,X
32,11,X
32,12,X
32,13,X
32,14,X
32,15,X
32,16,X
32,17,X
32,18,X
32,19,X
32,20,138.00
32,21,131.00
32,22,135.00
32,23,146.00
32,24,140.00
32,25,147.00
32,26,145.00
32,27,141.00
32,28,151.00
32,29,137.00
32,30,144.00
32,31,157.00
32,32,147.00
32,33,144.00
32,34,142.00
32,35,173.00
32,36,177.00
32,37,187.00
32,38,172.00
32,39,175.00
33,0,X
33,1,X
33,2,X
33,3,X
33,4,X
33,5,X
33,6,X
33,7,X
33,8,X
33,9,X
33,10,X
33,11,X
33,12,X
33,13,X
33,14,X
33,15,X
33,16,X
33,17,X
33,18,X
33,19,X
33,20,138.00
33,21,146.00
33,22,153.00
33,23,143.00
33,24,145.00
33,25,141.00
33,26,147.00
33,27,138.00
33,28,149.00
33,29,142.00
33,30,151.00
33,31,156.00
33,32,149.00
33,33,143.00
33,34,160.00
33,35,154.00
33,36,171.00
33,37,181.00
33,38,190.00
33,39,195.00
34,0,X
34,1,X
34,2,X
34,3,X
34,4,X
34,5,X
34,6,X
34,7,X
34,8,X
34,9,X
34,10,X
34,11,X
34,12,X
34,13,X
34,14,X
34,15,X
34,16,X
34,17,X
34,18,X
34,19,X
34,20,144.83
34,21,163.00
34,22,152.00
34,23,150.00
34,24,154.00
34,25,142.00
34,26,136.00
34,27,139.00
34,28,153.00
34,29,154.00
34,30,139.00
34,31,140.00
34,32,152.00
34,33,142.00
34,34,143.00
34,35,158.00
34,36,148.00
34,37,168.00
34,38,184.00
34,39,186.00
35,0,X
35,1,X
35,2,X
35,3,X
35,4,X
35,5,X
35,6,X
35,7,X
35,8,X
35,9,X
35,10,X
35,11,X
35,12,X
35,13,X
35,14,X
35,15,X
35,16,X
35,17,X
35,18,X
35,19,X
35,20,157.00
35,21,175.00
35,22,174.00
35,23,164.00
35,24,179.00
35,25,156.00
35,26,138.00
35,27,144.00
35,28,155.00
35,29,152.00
35,30,143.00
35,31,144.00
35,32,140.00
35,33,150.00
35,34,140.00
35,35,148.00
35,36,160.00
35,37,174.00
35,38,189.00
35,39,180.00
36,0,X
36,1,X
36,2,X
36,3,X
36,4,X
36,5,X
36,6,X
36,7,X
36,8,X
36,9,X
36,10,X
36,11,X
36,12,X
36,13,X
36,14,X
36,15,X
36,16,X
36,17,X
36,18,X
36,19,X
36,20,138.00
36,21,173.00
36,22,176.00
36,23,165.00
36,24,168.00
36,25,154.00
36,26,149.00
36,27,167.00
36,28,150.00
36,29,148.00
36,30,147.00
36,31,155.00
36,32,145.00
36,33,151.00
36,34,153.00
36,35,168.00
36,36,159.00
36,37,159.00
36,38,188.00
36,39,204.00
37,0,X
37,1,X
37,2,X
37,3,X
37,4,X
37,5,X
37,6,X
37,7,X
37,8,X
37,9,X
37,10,X
37,11,X
37,12,X
37,13,X
37,14,X
37,15,X
37,16,X
37,17,X
37,18,X
37,19,X
37,20,155.83
37,21,131.00
37,22,149.00
37,23,160.00
37,24,150.00
37,25,152.00
37,26,161.00
37,27,157.55
37,28,158.00
37,29,154.00
37,30,142.44
37,31,144.00
37,32,157.00
37,33,154.00
37,34,153.00
37,35,176.00
37,36,160.33
37,37,191.00
37,38,198.00
37,39,208.00
38,0,X
38,1,X
38,2,X
38,3,X
38,4,X
38,5,X
38,6,X
38,7,X
38,8,X
38,9,X
38,10,X
38,11,X
38,12,X
38,13,X
38,14,X
38,15,X
38,16,X
38,17,X
38,18,X
38,19,X
38,20,163.33
38,21,186.00
38,22,147.00
38,23,159.00
38,24,148.00
38,25,153.00
38,26,176.00
38,27,167.00
38,28,168.00
38,29,145.00
38,30,143.00
38,31,144.00
38,32,148.00
38,33,153.00
38,34,184.00
38,35,173.00
38,36,168.66
38,37,193.00
38,38,180.83
38,39,184.00
39,0,X
39,1,X
39,2,X
39,3,X
39,4,X
39,5,X
39,6,X
39,7,X
39,8,X
39,9,X
39,10,X
39,11,X
39,12,X
39,13,X
39,14,X
39,15,X
39,16,X
39,17,X
39,18,X
39,19,X
39,20,183.00
39,21,173.00
39,22,148.00
39,23,157.00
39,24,155.00
39,25,164.00
39,26,159.88
39,27,157.76
39,28,169.00
39,29,175.00
39,30,153.00
39,31,163.00
39,32,157.00
39,33,158.00
39,34,161.00
39,35,168.00
39,36,197.00
39,37,196.00
39,38,198.00
39,39,187.00
40,0,X
40,1,X
40,2,X
40,3,X
40,4,X
40,5,X
40,6,X
40,7,X
40,8,X
40,9,X
40,10,X
40,11,X
40,12,X
40,13,X
40,14,X
40,15,X
40,16,X
40,17,X
40,18,X
40,19,X
40,20,171.00
40,21,160.00
40,22,100.00
40,23,120.00
40,24,129.00
40,25,136.54
40,26,116.00
40,27,134.00
40,28,140.00
40,29,139.00
40,30,139.00
40,31,154.00
40,32,129.00
40,33,138.00
40,34,148.66
40,35,137.00
40,36,169.00
40,37,186.00
40,38,162.00
40,39,160.00
41,0,X
41,1,X
41,2,X
41,3,X
41,4,X
41,5,X
41,6,X
41,7,X
41,8,X
41,9,X
41,10,X
41,11,X
41,12,X
41,13,X
41,14,X
41,15,X
41,16,X
41,17,X
41,18,X
41,19,X
41,20,148.00
41,21,169.00
41,22,130.00
41,23,104.00
41,24,127.77
41,25,129.88
41,26,122.00
41,27,122.00
41,28,128.00
41,29,142.44
41,30,152.00
41,31,132.00
41,32,149.00
41,33,159.00
41,34,131.00
41,35,168.00
41,36,182.00
41,37,160.00
41,38,166.00
41,39,136.00
42,0,X
42,1,X
42,2,X
42,3,X
42,4,X
42,5,X
42,6,X
42,7,X
42,8,X
42,9,X
42,10,X
42,11,X
42,12,X
42,13,X
42,14,X
42,15,X
42,16,X
42,17,X
42,18,X
42,19,X
42,20,159.00
42,21,147.00
42,22,132.00
42,23,137.00
42,24,145.00
42,25,132.00
42,26,142.00
42,27,149.00
42,28,135.00
42,29,150.00
42,30,130.00
42,31,149.00
42,32,163.00
42,33,144.00
42,34,186.00
42,35,160.88
42,36,165.55
42,37,183.00
42,38,171.83
42,39,162.00
43,0,X
43,1,X
43,2,X
43,3,X
43,4,X
43,5,X
43,6,X
43,7,X
43,8,X
43,9,X
43,10,X
43,11,X
43,12,X
43,13,X
43,14,X
43,15,X
43,16,X
43,17,X
43,18,X
43,19,X
43,20,150.00
43,21,162.00
43,22,155.00
43,23,156.00
43,24,158.00
43,25,160.00
43,26,159.00
43,27,148.00
43,28,154.00
43,29,134.00
43,30,184.00
43,31,146.00
43,32,184.00
43,33,164.00
43,34,177.00
43,35,190.00
43,36,186.00
43,37,193.00
43,38,186.00
43,39,152.00
44,0,X
44,1,X
44,2,X
44,3,X
44,4,X
44,5,X
44,6,X
44,7,X
44,8,X
44,9,X
44,10,X
44,11,X
44,12,X
44,13,X
44,14,X
44,15,X
44,16,X
44,17,X
44,18,X
44,19,X
44,20,159.00
44,21,193.00
44,22,180.00
44,23,167.66
44,24,154.00
44,25,148.00
44,26,185.00
44,27,202.00
44,28,167.22
44,29,183.00
44,30,123.00
44,31,209.00
44,32,205.00
44,33,183.00
44,34,177.00
44,35,202.00
44,36,195.00
44,37,174.88
44,38,181.00
44,39,161.00
45,0,X
45,1,X
45,2,X
45,3,X
45,4,X
45,5,X
45,6,X
45,7,X
45,8,X
45,9,X
45,10,X
45,11,X
45,12,X
45,13,X
45,14,X
45,15,X
45,16,X
45,17,X
45,18,X
45,19,X
45,20,176.00
45,21,189.00
45,22,186.55
45,23,170.00
45,24,143.00
45,25,157.00
45,26,157.00
45,27,182.00
45,28,203.00
45,29,186.00
45,30,144.00
45,31,181.00
45,32,215.00
45,33,186.00
45,34,180.00
45,35,208.00
45,36,171.00
45,37,162.00
45,38,156.00
45,39,158.00
46,0,X
46,1,X
46,2,X
46,3,X
46,4,X
46,5,X
46,6,X
46,7,X
46,8,X
46,9,X
46,10,X
46,11,X
46,12,X
46,13,X
46,14,X
46,15,X
46,16,X
46,17,X
46,18,X
46,19,X
46,20,162.00
46,21,180.00
46,22,184.55
46,23,179.00
46,24,211.00
46,25,150.00
46,26,174.00
46,27,160.00
46,28,233.00
46,29,154.00
46,30,161.00
46,31,170.00
46,32,173.00
46,33,190.00
46,34,174.11
46,35,158.00
46,36,179.00
46,37,142.00
46,38,137.00
46,39,161.00
47,0,X
47,1,X
47,2,X
47,3,X
47,4,X
47,5,X
47,6,X
47,7,X
47,8,X
47,9,X
47,10,X
47,11,X
47,12,X
47,13,X
47,14,X
47,15,X
47,16,X
47,17,X
47,18,X
47,19,X
47,20,172.66
47,21,186.00
47,22,189.00
47,23,204.00
47,24,223.00
47,25,158.00
47,26,171.00
47,27,224.00
47,28,188.77
47,29,186.00
47,30,181.77
47,31,182.00
47,32,180.00
47,33,182.00
47,34,170.00
47,35,158.00
47,36,179.00
47,37,143.00
47,38,147.00
47,39,174.00
48,0,X
48,1,X
48,2,X
48,3,X
48,4,X
48,5,X
48,6,X
48,7,X
48,8,X
48,9,X
48,10,X
48,11,X
48,12,X
48,13,X
48,14,X
48,15,X
48,16,X
48,17,X
48,18,X
48,19,X
48,20,188.27
48,21,162.00
48,22,168.00
48,23,202.00
48,24,208.00
48,25,216.00
48,26,152.00
48,27,190.00
48,28,178.00
48,29,166.00
48,30,195.00
48,31,202.00
48,32,154.00
48,33,145.00
48,34,135.00
48,35,165.00
48,36,162.00
48,37,151.00
48,38,163.00
48,39,155.00
49,0,X
49,1,X
49,2,X
49,3,X
49,4,X
49,5,X
49,6,X
49,7,X
49,8,X
49,9,X
49,10,X
49,11,X
49,12,X
49,13,X
49,14,X
49,15,X
49,16,X
49,17,X
49,18,X
49,19,X
49,20,185.50
49,21,153.00
49,22,201.00
49,23,196.00
49,24,212.00
49,25,195.00
49,26,197.00
49,27,191.00
49,28,199.00
49,29,161.00
49,30,187.00
49,31,188.00
49,32,146.00
49,33,160.00
49,34,169.00
49,35,160.00
49,36,159.00
49,37,160.00
49,38,143.00
49,39,162.00
50,0,X
50,1,X
50,2,X
50,3,X
50,4,X
50,5,X
50,6,X
50,7,X
50,8,X
50,9,X
50,10,X
50,11,X
50,12,X
50,13,X
50,14,X
50,15,X
50,16,X
50,17,X
50,18,X
50,19,X
50,20,175.16
50,21,178.77
50,22,210.00
50,23,204.00
50,24,163.00
50,25,195.00
50,26,159.00
50,27,175.00
50,28,169.00
50,29,122.00
50,30,157.00
50,31,157.88
50,32,136.00
50,33,166.00
50,34,149.77
50,35,165.00
50,36,154.00
50,37,149.00
50,38,158.00
50,39,141.00
51,0,X
51,1,X
51,2,X
51,3,X
51,4,X
51,5,X
51,6,X
51,7,X
51,8,X
51,9,X
51,10,X
51,11,X
51,12,X
51,13,X
51,14,X
51,15,X
51,16,X
51,17,X
51,18,X
51,19,X
51,20,158.00
51,21,161.00
51,22,147.00
51,23,181.00
51,24,165.00
51,25,153.00
51,26,174.00
51,27,155.00
51,28,142.00
51,29,127.00
51,30,149.00
51,31,148.00
51,32,140.00
51,33,137.00
51,34,131.00
51,35,144.00
51,36,154.00
51,37,150.00
51,38,149.83
51,39,132.00
52,0,X
52,1,X
52,2,X
52,3,X
52,4,X
52,5,X
52,6,X
52,7,X
52,8,X
52,9,X
52,10,X
52,11,X
52,12,X
52,13,X
52,14,X
52,15,X
52,16,X
52,17,X
52,18,X
52,19,X
52,20,176.00
52,21,139.00
52,22,170.00
52,23,133.00
52,24,133.00
52,25,177.00
52,26,179.00
52,27,159.00
52,28,148.00
52,29,144.00
52,30,126.00
52,31,157.00
52,32,163.00
52,33,161.00
52,34,152.00
52,35,145.00
52,36,153.00
52,37,154.00
52,38,158.00
52,39,154.00
53,0,X
53,1,X
53,2,X
53,3,X
53,4,X
53,5,X
53,6,X
53,7,X
53,8,X
53,9,X
53,10,X
53,11,X
53,12,X
53,13,X
53,14,X
53,15,X
53,16,X
53,17,X
53,18,X
53,19,X
53,20,149.00
53,21,171.00
53,22,173.00
53,23,157.00
53,24,162.00
53,25,147.00
53,26,176.00
53,27,157.66
53,28,158.00
53,29,154.00
53,30,137.00
53,31,147.00
53,32,155.00
53,33,163.00
53,34,127.00
53,35,146.00
53,36,144.00
53,37,154.00
53,38,141.00
53,39,161.00
54,0,X
54,1,X
54,2,X
54,3,X
54,4,X
54,5,X
54,6,X
54,7,X
54,8,X
54,9,X
54,10,X
54,11,X
54,12,X
54,13,X
54,14,X
54,15,X
54,16,X
54,17,X
54,18,X
54,19,X
54,20,158.00
54,21,157.00
54,22,149.00
54,23,165.00
54,24,159.00
54,25,151.00
54,26,170.00
54,27,160.00
54,28,168.00
54,29,150.00
54,30,161.00
54,31,147.00
54,32,160.00
54,33,154.00
54,34,151.00
54,35,127.00
54,36,143.00
54,37,154.00
54,38,145.00
54,39,167.00
55,0,X
55,1,X
55,2,X
55,3,X
55,4,X
55,5,X
55,6,X
55,7,X
55,8,X
55,9,X
55,10,X
55,11,X
55,12,X
55,13,X
55,14,X
55,15,X
55,16,X
55,17,X
55,18,X
55,19,X
55,20,179.00
55,21,144.00
55,22,156.00
55,23,151.00
55,24,157.11
55,25,162.00
55,26,146.00
55,27,145.00
55,28,149.00
55,29,151.66
55,30,150.66
55,31,150.00
55,32,160.00
55,33,158.55
55,34,169.00
55,35,167.00
55,36,169.00
55,37,172.00
55,38,168.00
55,39,187.00
56,0,X
56,1,X
56,2,X
56,3,X
56,4,X
56,5,X
56,6,X
56,7,X
56,8,X
56,9,X
56,10,X
56,11,X
56,12,X
56,13,X
56,14,X
56,15,X
56,16,X
56,17,X
56,18,X
56,19,X
56,20,179.00
56,21,179.00
56,22,172.00
56,23,168.00
56,24,166.00
56,25,155.00
56,26,174.00
56,27,166.00
56,28,157.00
56,29,171.00
56,30,168.00
56,31,168.00
56,32,178.00
56,33,170.00
56,34,165.00
56,35,170.00
56,36,179.00
56,37,176.00
56,38,183.00
56,39,172.00
57,0,X
57,1,X
57,2,X
57,3,X
57,4,X
57,5,X
57,6,X
57,7,X
57,8,X
57,9,X
57,10,X
57,11,X
57,12,X
57,13,X
57,14,X
57,15,X
57,16,X
57,17,X
57,18,X
57,19,X
57,20,170.00
57,21,175.00
57,22,172.00
57,23,178.00
57,24,171.00
57,25,178.00
57,26,173.00
57,27,176.00
57,28,174.00
57,29,167.00
57,30,179.00
57,31,176.00
57,32,161.00
57,33,174.00
57,34,170.00
57,35,177.00
57,36,190.00
57,37,178.00
57,38,195.00
57,39,197.00
58,0,X
58,1,X
58,2,X
58,3,X
58,4,X
58,5,X
58,6,X
58,7,X
58,8,X
58,9,X
58,10,X
58,11,X
58,12,X
58,13,X
58,14,X
58,15,X
58,16,X
58,17,X
58,18,X
58,19,X
58,20,175.00
58,21,172.00
58,22,175.00
58,23,178.00
58,24,172.00
58,25,187.00
58,26,189.00
58,27,169.00
58,28,179.00
58,29,172.00
58,30,183.00
58,31,189.00
58,32,186.00
58,33,176.00
58,34,181.00
58,35,191.00
58,36,191.00
58,37,182.00
58,38,190.00
58,39,179.66
59,0,X
59,1,X
59,2,X
59,3,X
59,4,X
59,5,X
59,6,X
59,7,X
59,8,X
59,9,X
59,10,X
59,11,X
59,12,X
59,13,X
59,14,X
59,15,X
59,16,X
59,17,X
59,18,X
59,19,X
59,20,173.33
59,21,165.00
59,22,171.00
59,23,167.00
59,24,169.00
59,25,175.00
59,26,173.00
59,27,167.00
59,28,183.00
59,29,174.00
59,30,168.00
59,31,158.00
59,32,179.00
59,33,195.00
59,34,189.00
59,35,169.00
59,36,187.00
59,37,158.00
59,38,166.16
59,39,187.00
60,0,X
60,1,X
60,2,X
60,3,X
60,4,X
60,5,X
60,6,X
60,7,X
60,8,X
60,9,X
60,10,X
60,11,X
60,12,X
60,13,X
60,14,X
60,15,X
60,16,X
60,17,X
60,18,X
60,19,X
60,20,163.00
60,21,175.00
60,22,167.00
60,23,182.00
60,24,196.00
60,25,191.00
60,26,184.00
60,27,175.00
60,28,196.00
60,29,157.00
60,30,195.00
60,31,188.00
60,32,155.00
60,33,179.00
60,34,173.00
60,35,184.00
60,36,178.00
60,37,158.00
60,38,165.83
60,39,191.00
61,0,X
61,1,X
61,2,X
61,3,X
61,4,X
61,5,X
61,6,X
61,7,X
61,8,X
61,9,X
61,10,X
61,11,X
61,12,X
61,13,X
61,14,X
61,15,X
61,16,X
61,17,X
61,18,X
61,19,X
61,20,173.00
61,21,166.00
61,22,190.00
61,23,175.00
61,24,183.00
61,25,189.00
61,26,179.00
61,27,189.00
61,28,198.00
61,29,182.00
61,30,165.00
61,31,189.00
61,32,174.00
61,33,165.00
61,34,179.00
61,35,194.00
61,36,187.00
61,37,182.00
61,38,188.00
61,39,172.00
62,0,X
62,1,X
62,2,X
62,3,X
62,4,X
62,5,X
62,6,X
62,7,X
62,8,X
62,9,X
62,10,X
62,11,X
62,12,X
62,13,X
62,14,X
62,15,X
62,16,X
62,17,X
62,18,X
62,19,X
62,20,177.00
62,21,199.00
62,22,168.00
62,23,191.00
62,24,203.00
62,25,195.00
62,26,206.00
62,27,193.11
62,28,202.00
62,29,193.00
62,30,180.00
62,31,152.00
62,32,149.00
62,33,190.00
62,34,171.00
62,35,164.00
62,36,196.00
62,37,178.00
62,38,185.50
62,39,179.00
63,0,X
63,1,X
63,2,X
63,3,X
63,4,X
63,5,X
63,6,X
63,7,X
63,8,X
63,9,X
63,10,X
63,11,X
63,12,X
63,13,X
63,14,X
63,15,X
63,16,X
63,17,X
63,18,X
63,19,X
63,20,200.00
63,21,176.00
63,22,172.00
63,23,195.00
63,24,195.00
63,25,191.00
63,26,207.00
63,27,194.00
63,28,196.00
63,29,196.00
63,30,198.00
63,31,180.00
63,32,161.00
63,33,184.00
63,34,181.00
63,35,179.00
63,36,199.00
63,37,198.00
63,38,201.00
63,39,187.00
64,0,X
64,1,X
64,2,X
64,3,X
64,4,X
64,5,X
64,6,X
64,7,X
64,8,X
64,9,X
64,10,X
64,11,X
64,12,X
64,13,X
64,14,X
64,15,X
64,16,X
64,17,X
64,18,X
64,19,X
64,20,197.00
64,21,182.00
64,22,199.00
64,23,181.00
64,24,196.00
64,25,212.00
64,26,213.00
64,27,180.00
64,28,205.00
64,29,192.00
64,30,202.00
64,31,173.00
64,32,165.00
64,33,149.00
64,34,166.00
64,35,190.00
64,36,171.00
64,37,178.00
64,38,177.00
64,39,179.00
65,0,X
65,1,X
65,2,X
65,3,X
65,4,X
65,5,X
65,6,X
65,7,X
65,8,X
65,9,X
65,10,X
65,11,X
65,12,X
65,13,X
65,14,X
65,15,X
65,16,X
65,17,X
65,18,X
65,19,X
65,20,178.00
65,21,210.00
65,22,200.00
65,23,184.00
65,24,201.00
65,25,183.00
65,26,177.00
65,27,208.00
65,28,190.00
65,29,191.44
65,30,187.00
65,31,113.00
65,32,154.00
65,33,190.00
65,34,176.00
65,35,157.00
65,36,170.00
65,37,172.77
65,38,195.00
65,39,184.00
66,0,X
66,1,X
66,2,X
66,3,X
66,4,X
66,5,X
66,6,X
66,7,X
66,8,X
66,9,X
66,10,X
66,11,X
66,12,X
66,13,X
66,14,X
66,15,X
66,16,X
66,17,X
66,18,X
66,19,X
66,20,191.00
66,21,186.88
66,22,176.00
66,23,196.00
66,24,196.00
66,25,191.00
66,26,210.00
66,27,200.00
66,28,189.00
66,29,193.00
66,30,202.00
66,31,109.00
66,32,188.00
66,33,159.00
66,34,163.00
66,35,165.00
66,36,173.00
66,37,187.00
66,38,191.00
66,39,161.00
67,0,X
67,1,X
67,2,X
67,3,X
67,4,X
67,5,X
67,6,X
67,7,X
67,8,X
67,9,X
67,10,X
67,11,X
67,12,X
67,13,X
67,14,X
67,15,X
67,16,X
67,17,X
67,18,X
67,19,X
67,20,188.00
67,21,211.00
67,22,203.00
67,23,205.00
67,24,212.00
67,25,190.00
67,26,200.00
67,27,198.00
67,28,196.00
67,29,183.00
67,30,198.00
67,31,185.00
67,32,152.00
67,33,159.88
67,34,153.00
67,35,164.66
67,36,173.00
67,37,177.00
67,38,171.00
67,39,178.00
68,0,X
68,1,X
68,2,X
68,3,X
68,4,X
68,5,X
68,6,X
68,7,X
68,8,X
68,9,X
68,10,X
68,11,X
68,12,X
68,13,X
68,14,X
68,15,X
68,16,X
68,17,X
68,18,X
68,19,X
68,20,199.00
68,21,201.00
68,22,178.00
68,23,203.00
68,24,193.00
68,25,184.00
68,26,212.00
68,27,201.00
68,28,196.00
68,29,187.00
68,30,197.00
68,31,186.00
68,32,165.00
68,33,164.00
68,34,161.00
68,35,183.00
68,36,170.00
68,37,184.00
68,38,179.00
68,39,161.00
69,0,X
69,1,X
69,2,X
69,3,X
69,4,X
69,5,X
69,6,X
69,7,X
69,8,X
69,9,X
69,10,X
69,11,X
69,12,X
69,13,X
69,14,X
69,15,X
69,16,X
69,17,X
69,18,X
69,19,X
69,20,188.00
69,21,195.00
69,22,192.00
69,23,180.00
69,24,204.00
69,25,202.00
69,26,214.00
69,27,188.00
69,28,188.55
69,29,198.00
69,30,194.00
69,31,178.00
69,32,186.00
69,33,199.00
69,34,173.00
69,35,182.00
69,36,184.00
69,37,180.00
69,38,182.00
69,39,177.00
70,0,X
70,1,X
70,2,X
70,3,X
70,4,X
70,5,X
70,6,X
70,7,X
70,8,X
70,9,X
70,10,X
70,11,X
70,12,X
70,13,X
70,14,X
70,15,X
70,16,X
70,17,X
70,18,X
70,19,X
70,20,183.00
70,21,184.00
70,22,187.33
70,23,184.00
70,24,186.44
70,25,194.00
70,26,215.00
70,27,193.00
70,28,185.00
70,29,182.00
70,30,202.00
70,31,196.00
70,32,200.00
70,33,202.00
70,34,192.00
70,35,177.00
70,36,177.00
70,37,178.44
70,38,173.00
70,39,176.00
71,0,X
71,1,X
71,2,X
71,3,X
71,4,X
71,5,X
71,6,X
71,7,X
71,8,X
71,9,X
71,10,X
71,11,X
71,12,X
71,13,X
71,14,X
71,15,X
71,16,X
71,17,X
71,18,X
71,19,X
71,20,167.00
71,21,177.00
71,22,185.00
71,23,178.00
71,24,175.00
71,25,205.00
71,26,216.00
71,27,214.00
71,28,204.00
71,29,189.00
71,30,211.00
71,31,215.00
71,32,188.00
71,33,195.00
71,34,187.00
71,35,168.00
71,36,186.00
71,37,192.00
71,38,175.00
71,39,181.00
72,0,X
72,1,X
72,2,X
72,3,X
72,4,X
72,5,X
72,6,X
72,7,X
72,8,X
72,9,X
72,10,X
72,11,X
72,12,X
72,13,X
72,14,X
72,15,X
72,16,X
72,17,X
72,18,X
72,19,X
72,20,181.00
72,21,152.00
72,22,185.00
72,23,173.00
72,24,207.00
72,25,216.00
72,26,208.00
72,27,198.00
72,28,208.00
72,29,212.00
72,30,198.00
72,31,210.00
72,32,190.11
72,33,184.00
72,34,207.00
72,35,183.00
72,36,189.00
72,37,162.00
72,38,196.00
72,39,189.00
73,0,X
73,1,X
73,2,X
73,3,X
73,4,X
73,5,X
73,6,X
73,7,X
73,8,X
73,9,X
73,10,X
73,11,X
73,12,X
73,13,X
73,14,X
73,15,X
73,16,X
73,17,X
73,18,X
73,19,X
73,20,170.00
73,21,199.00
73,22,158.00
73,23,188.00
73,24,196.00
73,25,188.00
73,26,190.00
73,27,184.00
73,28,178.00
73,29,182.00
73,30,196.00
73,31,184.00
73,32,197.00
73,33,179.00
73,34,219.00
73,35,209.00
73,36,209.00
73,37,173.00
73,38,185.00
73,39,193.00
74,0,X
74,1,X
74,2,X
74,3,X
74,4,X
74,5,X
74,6,X
74,7,X
74,8,X
74,9,X
74,10,X
74,11,X
74,12,X
74,13,X
74,14,X
74,15,X
74,16,X
74,17,X
74,18,X
74,19,X
74,20,203.00
74,21,181.00
74,22,190.00
74,23,201.00
74,24,209.00
74,25,216.00
74,26,214.00
74,27,211.00
74,28,214.00
74,29,219.00
74,30,201.00
74,31,194.00
74,32,214.00
74,33,216.00
74,34,197.00
74,35,204.00
74,36,198.00
74,37,190.00
74,38,192.00
74,39,198.00
75,0,X
75,1,X
75,2,X
75,3,X
75,4,X
75,5,X
75,6,X
75,7,X
75,8,X
75,9,X
75,10,X
75,11,X
75,12,X
75,13,X
75,14,X
75,15,X
75,16,X
75,17,X
75,18,X
75,19,X
75,20,197.00
75,21,205.00
75,22,194.00
75,23,208.00
75,24,203.00
75,25,208.00
75,26,206.00
75,27,204.00
75,28,204.00
75,29,211.00
75,30,205.00
75,31,210.11
75,32,209.00
75,33,208.00
75,34,191.00
75,35,210.00
75,36,208.00
75,37,194.00
75,38,203.00
75,39,201.00
76,0,X
76,1,X
76,2,X
76,3,X
76,4,X
76,5,X
76,6,X
76,7,X
76,8,X
76,9,X
76,10,X
76,11,X
76,12,X
76,13,X
76,14,X
76,15,X
76,16,X
76,17,X
76,18,X
76,19,X
76,20,190.00
76,21,209.00
76,22,185.00
76,23,202.00
76,24,212.00
76,25,204.00
76,26,213.00
76,27,200.00
76,28,203.00
76,29,210.00
76,30,216.00
76,31,212.00
76,32,209.00
76,33,218.00
76,34,196.00
76,35,202.00
76,36,207.00
76,37,196.00
76,38,200.00
76,39,197.00
77,0,X
77,1,X
77,2,X
77,3,X
77,4,X
77,5,X
77,6,X
77,7,X
77,8,X
77,9,X
77,10,X
77,11,X
77,12,X
77,13,X
77,14,X
77,15,X
77,16,X
77,17,X
77,18,X
77,19,X
77,20,210.00
77,21,217.00
77,22,195.00
77,23,218.00
77,24,207.00
77,25,192.00
77,26,208.00
77,27,190.00
77,28,208.00
77,29,194.00
77,30,202.00
77,31,209.00
77,32,216.00
77,33,214.00
77,34,209.00
77,35,212.00
77,36,210.00
77,37,204.00
77,38,188.00
77,39,195.00
78,0,X
78,1,X
78,2,X
78,3,X
78,4,X
78,5,X
78,6,X
78,7,X
78,8,X
78,9,X
78,10,X
78,11,X
78,12,X
78,13,X
78,14,X
78,15,X
78,16,X
78,17,X
78,18,X
78,19,X
78,20,185.00
78,21,193.00
78,22,199.00
78,23,205.00
78,24,198.00
78,25,198.33
78,26,205.00
78,27,209.00
78,28,208.00
78,29,192.00
78,30,187.00
78,31,222.00
78,32,206.50
78,33,203.16
78,34,202.00
78,35,192.00
78,36,192.00
78,37,189.50
78,38,189.00
78,39,182.00
79,0,X
79,1,X
79,2,X
79,3,X
79,4,X
79,5,X
79,6,X
79,7,X
79,8,X
79,9,X
79,10,X
79,11,X
79,12,X
79,13,X
79,14,X
79,15,X
79,16,X
79,17,X
79,18,X
79,19,X
79,20,161.00
79,21,164.00
79,22,199.00
79,23,195.00
79,24,209.00
79,25,194.00
79,26,202.00
79,27,199.00
79,28,191.00
79,29,190.00
79,30,210.00
79,31,209.00
79,32,214.00
79,33,195.00
79,34,178.00
79,35,196.00
79,36,180.41
79,37,179.08
79,38,191.00
79,39,174.00
