0,0,171.00
0,1,188.00
0,2,208.00
0,3,183.00
0,4,190.00
0,5,162.00
0,6,162.00
0,7,154.00
0,8,140.00
0,9,97.00
0,10,85.00
0,11,96.00
0,12,134.00
0,13,136.00
0,14,125.00
0,15,102.00
0,16,127.00
0,17,99.00
0,18,146.00
0,19,146.00
0,20,nan
0,21,nan
0,22,nan
0,23,nan
0,24,nan
0,25,nan
0,26,nan
0,27,nan
0,28,nan
0,29,nan
0,30,nan
0,31,nan
0,32,nan
0,33,nan
0,34,nan
0,35,nan
0,36,nan
0,37,nan
0,38,nan
0,39,nan
1,0,182.00
1,1,174.00
1,2,186.00
1,3,149.00
1,4,158.00
1,5,146.00
1,6,148.00
1,7,139.00
1,8,118.00
1,9,110.00
1,10,88.00
1,11,93.00
1,12,129.00
1,13,131.00
1,14,105.00
1,15,91.00
1,16,100.00
1,17,83.00
1,18,110.00
1,19,131.00
1,20,nan
1,21,nan
1,22,nan
1,23,nan
1,24,nan
1,25,nan
1,26,nan
1,27,nan
1,28,nan
1,29,nan
1,30,nan
1,31,nan
1,32,nan
1,33,nan
1,34,nan
1,35,nan
1,36,nan
1,37,nan
1,38,nan
1,39,nan
2,0,161.00
2,1,194.00
2,2,183.00
2,3,154.00
2,4,143.00
2,5,170.00
2,6,147.00
2,7,118.00
2,8,121.00
2,9,109.00
2,10,123.00
2,11,110.00
2,12,136.00
2,13,111.00
2,14,120.00
2,15,115.00
2,16,92.00
2,17,66.00
2,18,151.00
2,19,145.00
2,20,nan
2,21,nan
2,22,nan
2,23,nan
2,24,nan
2,25,nan
2,26,nan
2,27,nan
2,28,nan
2,29,nan
2,30,nan
2,31,nan
2,32,nan
2,33,nan
2,34,nan
2,35,nan
2,36,nan
2,37,nan
2,38,nan
2,39,nan
3,0,166.00
3,1,189.00
3,2,191.00
3,3,183.00
3,4,133.00
3,5,172.00
3,6,171.00
3,7,144.00
3,8,122.00
3,9,129.00
3,10,112.00
3,11,80.00
3,12,106.00
3,13,119.00
3,14,102.00
3,15,110.00
3,16,100.00
3,17,100.00
3,18,116.00
3,19,131.00
3,20,nan
3,21,nan
3,22,nan
3,23,nan
3,24,nan
3,25,nan
3,26,nan
3,27,nan
3,28,nan
3,29,nan
3,30,nan
3,31,nan
3,32,nan
3,33,nan
3,34,nan
3,35,nan
3,36,nan
3,37,nan
3,38,nan
3,39,nan
4,0,134.00
4,1,159.00
4,2,176.00
4,3,161.00
4,4,141.00
4,5,151.00
4,6,137.00
4,7,146.00
4,8,113.00
4,9,120.00
4,10,112.00
4,11,95.00
4,12,140.00
4,13,98.00
4,14,115.00
4,15,113.00
4,16,118.00
4,17,118.00
4,18,97.00
4,19,128.00
4,20,nan
4,21,nan
4,22,nan
4,23,nan
4,24,nan
4,25,nan
4,26,nan
4,27,nan
4,28,nan
4,29,nan
4,30,nan
4,31,nan
4,32,nan
4,33,nan
4,34,nan
4,35,nan
4,36,nan
4,37,nan
4,38,nan
4,39,nan
5,0,123.00
5,1,139.00
5,2,176.00
5,3,177.00
5,4,151.00
5,5,121.00
5,6,153.00
5,7,110.00
5,8,98.00
5,9,80.00
5,10,118.00
5,11,93.00
5,12,98.00
5,13,124.00
5,14,128.00
5,15,119.00
5,16,130.00
5,17,94.00
5,18,142.00
5,19,92.00
5,20,nan
5,21,nan
5,22,nan
5,23,nan
5,24,nan
5,25,nan
5,26,nan
5,27,nan
5,28,nan
5,29,nan
5,30,nan
5,31,nan
5,32,nan
5,33,nan
5,34,nan
5,35,nan
5,36,nan
5,37,nan
5,38,nan
5,39,nan
6,0,127.00
6,1,161.00
6,2,156.00
6,3,177.00
6,4,157.00
6,5,150.00
6,6,96.00
6,7,101.00
6,8,92.00
6,9,85.00
6,10,101.00
6,11,86.00
6,12,144.00
6,13,131.00
6,14,101.00
6,15,105.00
6,16,109.00
6,17,110.00
6,18,111.00
6,19,80.00
6,20,nan
6,21,nan
6,22,nan
6,23,nan
6,24,nan
6,25,nan
6,26,nan
6,27,nan
6,28,nan
6,29,nan
6,30,nan
6,31,nan
6,32,nan
6,33,nan
6,34,nan
6,35,nan
6,36,nan
6,37,nan
6,38,nan
6,39,nan
7,0,149.00
7,1,170.00
7,2,166.00
7,3,162.00
7,4,167.00
7,5,112.00
7,6,138.00
7,7,104.00
7,8,77.00
7,9,94.00
7,10,105.00
7,11,90.00
7,12,119.00
7,13,108.00
7,14,113.00
7,15,95.00
7,16,118.00
7,17,103.00
7,18,95.00
7,19,88.00
7,20,nan
7,21,nan
7,22,nan
7,23,nan
7,24,nan
7,25,nan
7,26,nan
7,27,nan
7,28,nan
7,29,nan
7,30,nan
7,31,nan
7,32,nan
7,33,nan
7,34,nan
7,35,nan
7,36,nan
7,37,nan
7,38,nan
7,39,nan
8,0,121.00
8,1,155.00
8,2,151.00
8,3,144.00
8,4,165.00
8,5,172.00
8,6,146.00
8,7,139.00
8,8,129.00
8,9,127.00
8,10,106.00
8,11,111.00
8,12,114.00
8,13,120.00
8,14,85.00
8,15,86.00
8,16,112.00
8,17,78.00
8,18,97.00
8,19,102.00
8,20,nan
8,21,nan
8,22,nan
8,23,nan
8,24,nan
8,25,nan
8,26,nan
8,27,nan
8,28,nan
8,29,nan
8,30,nan
8,31,nan
8,32,nan
8,33,nan
8,34,nan
8,35,nan
8,36,nan
8,37,nan
8,38,nan
8,39,nan
9,0,134.00
9,1,131.00
9,2,127.00
9,3,134.00
9,4,158.00
9,5,166.00
9,6,175.00
9,7,161.00
9,8,158.00
9,9,161.00
9,10,128.00
9,11,140.00
9,12,132.00
9,13,112.00
9,14,101.00
9,15,107.00
9,16,107.00
9,17,91.00
9,18,89.00
9,19,47.00
9,20,nan
9,21,nan
9,22,nan
9,23,nan
9,24,nan
9,25,nan
9,26,nan
9,27,nan
9,28,nan
9,29,nan
9,30,nan
9,31,nan
9,32,nan
9,33,nan
9,34,nan
9,35,nan
9,36,nan
9,37,nan
9,38,nan
9,39,nan
10,0,151.00
10,1,143.00
10,2,114.00
10,3,115.00
10,4,161.00
10,5,171.00
10,6,187.00
10,7,193.00
10,8,154.00
10,9,157.00
10,10,182.00
10,11,145.00
10,12,143.00
10,13,126.00
10,14,80.00
10,15,101.00
10,16,93.00
10,17,101.00
10,18,95.00
10,19,84.00
10,20,nan
10,21,nan
10,22,nan
10,23,nan
10,24,nan
10,25,nan
10,26,nan
10,27,nan
10,28,nan
10,29,nan
10,30,nan
10,31,nan
10,32,nan
10,33,nan
10,34,nan
10,35,nan
10,36,nan
10,37,nan
10,38,nan
10,39,nan
11,0,146.00
11,1,144.00
11,2,139.00
11,3,107.00
11,4,147.00
11,5,183.00
11,6,186.00
11,7,178.00
11,8,166.00
11,9,183.00
11,10,168.00
11,11,168.00
11,12,98.00
11,13,108.00
11,14,124.00
11,15,113.00
11,16,109.00
11,17,107.00
11,18,84.00
11,19,88.00
11,20,nan
11,21,nan
11,22,nan
11,23,nan
11,24,nan
11,25,nan
11,26,nan
11,27,nan
11,28,nan
11,29,nan
11,30,nan
11,31,nan
11,32,nan
11,33,nan
11,34,nan
11,35,nan
11,36,nan
11,37,nan
11,38,nan
11,39,nan
12,0,155.00
12,1,145.00
12,2,140.00
12,3,100.00
12,4,118.00
12,5,155.00
12,6,161.00
12,7,176.00
12,8,174.00
12,9,153.00
12,10,167.00
12,11,130.00
12,12,83.00
12,13,96.00
12,14,78.00
12,15,89.00
12,16,140.00
12,17,96.00
12,18,82.00
12,19,91.00
12,20,nan
12,21,nan
12,22,nan
12,23,nan
12,24,nan
12,25,nan
12,26,nan
12,27,nan
12,28,nan
12,29,nan
12,30,nan
12,31,nan
12,32,nan
12,33,nan
12,34,nan
12,35,nan
12,36,nan
12,37,nan
12,38,nan
12,39,nan
13,0,140.00
13,1,135.00
13,2,144.00
13,3,123.00
13,4,114.00
13,5,118.00
13,6,149.00
13,7,151.00
13,8,108.00
13,9,122.00
13,10,125.00
13,11,120.00
13,12,97.00
13,13,110.00
13,14,140.00
13,15,108.00
13,16,139.00
13,17,110.00
13,18,95.00
13,19,86.00
13,20,nan
13,21,nan
13,22,nan
13,23,nan
13,24,nan
13,25,nan
13,26,nan
13,27,nan
13,28,nan
13,29,nan
13,30,nan
13,31,nan
13,32,nan
13,33,nan
13,34,nan
13,35,nan
13,36,nan
13,37,nan
13,38,nan
13,39,nan
14,0,124.00
14,1,140.00
14,2,103.00
14,3,106.00
14,4,102.00
14,5,92.00
14,6,111.00
14,7,99.00
14,8,95.00
14,9,127.00
14,10,105.00
14,11,128.00
14,12,125.00
14,13,117.00
14,14,110.00
14,15,103.00
14,16,114.00
14,17,116.00
14,18,105.00
14,19,89.00
14,20,nan
14,21,nan
14,22,nan
14,23,nan
14,24,nan
14,25,nan
14,26,nan
14,27,nan
14,28,nan
14,29,nan
14,30,nan
14,31,nan
14,32,nan
14,33,nan
14,34,nan
14,35,nan
14,36,nan
14,37,nan
14,38,nan
14,39,nan
15,0,93.00
15,1,88.00
15,2,84.00
15,3,120.00
15,4,98.00
15,5,85.00
15,6,84.00
15,7,105.00
15,8,92.00
15,9,113.00
15,10,116.00
15,11,147.00
15,12,151.00
15,13,135.00
15,14,122.00
15,15,87.00
15,16,106.00
15,17,86.00
15,18,107.00
15,19,101.00
15,20,nan
15,21,nan
15,22,nan
15,23,nan
15,24,nan
15,25,nan
15,26,nan
15,27,nan
15,28,nan
15,29,nan
15,30,nan
15,31,nan
15,32,nan
15,33,nan
15,34,nan
15,35,nan
15,36,nan
15,37,nan
15,38,nan
15,39,nan
16,0,64.00
16,1,84.00
16,2,91.00
16,3,75.00
16,4,85.00
16,5,74.00
16,6,63.00
16,7,77.00
16,8,117.00
16,9,126.00
16,10,145.00
16,11,163.00
16,12,136.00
16,13,131.00
16,14,112.00
16,15,103.00
16,16,66.00
16,17,68.00
16,18,109.00
16,19,104.00
16,20,nan
16,21,nan
16,22,nan
16,23,nan
16,24,nan
16,25,nan
16,26,nan
16,27,nan
16,28,nan
16,29,nan
16,30,nan
16,31,nan
16,32,nan
16,33,nan
16,34,nan
16,35,nan
16,36,nan
16,37,nan
16,38,nan
16,39,nan
17,0,97.00
17,1,73.00
17,2,108.00
17,3,87.00
17,4,53.00
17,5,59.00
17,6,58.00
17,7,67.00
17,8,94.00
17,9,124.00
17,10,151.00
17,11,153.00
17,12,139.00
17,13,129.00
17,14,81.00
17,15,83.00
17,16,76.00
17,17,120.00
17,18,111.00
17,19,99.00
17,20,nan
17,21,nan
17,22,nan
17,23,nan
17,24,nan
17,25,nan
17,26,nan
17,27,nan
17,28,nan
17,29,nan
17,30,nan
17,31,nan
17,32,nan
17,33,nan
17,34,nan
17,35,nan
17,36,nan
17,37,nan
17,38,nan
17,39,nan
18,0,94.00
18,1,74.00
18,2,81.00
18,3,77.00
18,4,50.00
18,5,44.00
18,6,59.00
18,7,71.00
18,8,88.00
18,9,119.00
18,10,129.00
18,11,127.00
18,12,112.00
18,13,116.00
18,14,106.00
18,15,95.00
18,16,114.00
18,17,117.00
18,18,105.00
18,19,93.00
18,20,nan
18,21,nan
18,22,nan
18,23,nan
18,24,nan
18,25,nan
18,26,nan
18,27,nan
18,28,nan
18,29,nan
18,30,nan
18,31,nan
18,32,nan
18,33,nan
18,34,nan
18,35,nan
18,36,nan
18,37,nan
18,38,nan
18,39,nan
19,0,85.00
19,1,118.00
19,2,85.00
19,3,97.00
19,4,62.00
19,5,61.00
19,6,71.00
19,7,68.00
19,8,87.00
19,9,92.00
19,10,106.00
19,11,120.00
19,12,155.00
19,13,126.00
19,14,103.00
19,15,94.00
19,16,121.00
19,17,102.00
19,18,92.00
19,19,92.00
19,20,nan
19,21,nan
19,22,nan
19,23,nan
19,24,nan
19,25,nan
19,26,nan
19,27,nan
19,28,nan
19,29,nan
19,30,nan
19,31,nan
19,32,nan
19,33,nan
19,34,nan
19,35,nan
19,36,nan
19,37,nan
19,38,nan
19,39,nan
20,0,91.00
20,1,90.00
20,2,86.00
20,3,87.00
20,4,82.00
20,5,80.00
20,6,77.00
20,7,79.00
20,8,77.00
20,9,82.00
20,10,109.00
20,11,118.00
20,12,113.00
20,13,139.00
20,14,142.00
20,15,103.00
20,16,103.00
20,17,100.00
20,18,94.00
20,19,104.00
20,20,103.00
20,21,117.00
20,22,101.00
20,23,63.00
20,24,52.00
20,25,69.00
20,26,92.00
20,27,83.00
20,28,91.00
20,29,127.00
20,30,94.00
20,31,129.00
20,32,106.00
20,33,119.00
20,34,171.00
20,35,160.00
20,36,155.00
20,37,133.00
20,38,126.00
20,39,135.00
21,0,88.00
21,1,87.00
21,2,82.00
21,3,81.00
21,4,73.00
21,5,73.00
21,6,67.00
21,7,65.00
21,8,100.00
21,9,99.00
21,10,107.00
21,11,110.00
21,12,111.00
21,13,131.00
21,14,126.00
21,15,88.00
21,16,104.00
21,17,112.00
21,18,92.00
21,19,83.00
21,20,118.00
21,21,119.00
21,22,85.00
21,23,65.00
21,24,72.00
21,25,60.00
21,26,85.00
21,27,94.00
21,28,94.00
21,29,100.00
21,30,137.00
21,31,106.00
21,32,103.00
21,33,142.00
21,34,167.00
21,35,171.00
21,36,143.00
21,37,135.00
21,38,143.00
21,39,116.00
22,0,90.00
22,1,84.00
22,2,75.00
22,3,75.00
22,4,71.00
22,5,64.00
22,6,64.00
22,7,66.00
22,8,73.00
22,9,94.00
22,10,99.00
22,11,105.00
22,12,117.00
22,13,123.00
22,14,111.00
22,15,94.00
22,16,81.00
22,17,95.00
22,18,86.00
22,19,84.00
22,20,105.00
22,21,107.00
22,22,114.00
22,23,118.00
22,24,114.00
22,25,88.00
22,26,86.00
22,27,87.00
22,28,96.00
22,29,85.00
22,30,94.00
22,31,101.00
22,32,115.00
22,33,139.00
22,34,155.00
22,35,143.00
22,36,173.00
22,37,133.00
22,38,144.00
22,39,136.00
23,0,93.00
23,1,95.00
23,2,88.00
23,3,80.00
23,4,77.00
23,5,69.00
23,6,66.00
23,7,68.00
23,8,66.00
23,9,76.00
23,10,89.00
23,11,78.00
23,12,99.00
23,13,94.00
23,14,108.00
23,15,96.00
23,16,83.00
23,17,93.00
23,18,89.00
23,19,97.00
23,20,116.00
23,21,83.00
23,22,139.00
23,23,126.00
23,24,139.00
23,25,103.00
23,26,109.00
23,27,92.00
23,28,81.00
23,29,93.00
23,30,100.00
23,31,139.00
23,32,110.00
23,33,153.00
23,34,149.00
23,35,115.00
23,36,139.00
23,37,142.00
23,38,156.00
23,39,137.00
24,0,101.00
24,1,88.00
24,2,88.00
24,3,89.00
24,4,79.00
24,5,74.00
24,6,66.00
24,7,65.00
24,8,59.00
24,9,70.00
24,10,75.00
24,11,75.00
24,12,72.00
24,13,84.00
24,14,79.00
24,15,103.00
24,16,80.00
24,17,90.00
24,18,102.00
24,19,104.00
24,20,128.00
24,21,147.00
24,22,75.00
24,23,112.00
24,24,81.00
24,25,111.00
24,26,80.00
24,27,84.00
24,28,104.00
24,29,115.00
24,30,103.00
24,31,101.00
24,32,107.00
24,33,111.00
24,34,113.00
24,35,144.00
24,36,152.00
24,37,161.00
24,38,144.00
24,39,129.00
25,0,106.00
25,1,95.00
25,2,96.00
25,3,90.00
25,4,84.00
25,5,78.00
25,6,76.00
25,7,67.00
25,8,61.00
25,9,71.00
25,10,74.00
25,11,83.00
25,12,80.00
25,13,61.00
25,14,75.00
25,15,96.00
25,16,87.00
25,17,87.00
25,18,107.00
25,19,118.00
25,20,130.00
25,21,120.00
25,22,119.00
25,23,116.00
25,24,116.00
25,25,99.00
25,26,111.00
25,27,70.00
25,28,103.00
25,29,87.00
25,30,101.00
25,31,102.00
25,32,85.00
25,33,104.00
25,34,114.00
25,35,133.00
25,36,140.00
25,37,128.00
25,38,125.00
25,39,130.00
26,0,103.00
26,1,99.00
26,2,96.00
26,3,91.00
26,4,89.00
26,5,78.00
26,6,80.00
26,7,82.00
26,8,62.00
26,9,78.00
26,10,67.00
26,11,79.00
26,12,82.00
26,13,78.00
26,14,74.00
26,15,92.00
26,16,95.00
26,17,105.00
26,18,99.00
26,19,107.00
26,20,112.00
26,21,141.00
26,22,111.00
26,23,104.00
26,24,117.00
26,25,106.00
26,26,105.00
26,27,89.00
26,28,83.00
26,29,80.00
26,30,85.00
26,31,95.00
26,32,88.00
26,33,92.00
26,34,96.00
26,35,128.00
26,36,120.00
26,37,97.00
26,38,162.00
26,39,141.00
27,0,95.00
27,1,109.00
27,2,92.00
27,3,91.00
27,4,87.00
27,5,80.00
27,6,82.00
27,7,79.00
27,8,64.00
27,9,75.00
27,10,80.00
27,11,76.00
27,12,78.00
27,13,90.00
27,14,81.00
27,15,89.00
27,16,84.00
27,17,89.00
27,18,96.00
27,19,97.00
27,20,125.00
27,21,128.00
27,22,135.00
27,23,110.00
27,24,113.00
27,25,83.00
27,26,82.00
27,27,86.00
27,28,81.00
27,29,83.00
27,30,84.00
27,31,84.00
27,32,78.00
27,33,89.00
27,34,92.00
27,35,119.00
27,36,138.00
27,37,147.00
27,38,106.00
27,39,159.00
28,0,101.00
28,1,80.00
28,2,100.00
28,3,89.00
28,4,102.00
28,5,88.00
28,6,80.00
28,7,77.00
28,8,76.00
28,9,81.00
28,10,86.00
28,11,93.00
28,12,87.00
28,13,82.00
28,14,87.00
28,15,93.00
28,16,93.00
28,17,89.00
28,18,91.00
28,19,105.00
28,20,107.00
28,21,100.00
28,22,120.00
28,23,102.00
28,24,87.00
28,25,91.00
28,26,96.00
28,27,77.00
28,28,71.00
28,29,73.00
28,30,71.00
28,31,83.00
28,32,75.00
28,33,75.00
28,34,83.00
28,35,112.00
28,36,128.00
28,37,137.00
28,38,185.00
28,39,176.00
29,0,98.00
29,1,99.00
29,2,94.00
29,3,94.00
29,4,102.00
29,5,89.00
29,6,89.00
29,7,81.00
29,8,78.00
29,9,81.00
29,10,83.00
29,11,77.00
29,12,84.00
29,13,93.00
29,14,94.00
29,15,92.00
29,16,94.00
29,17,98.00
29,18,103.00
29,19,102.00
29,20,122.00
29,21,108.00
29,22,115.00
29,23,113.00
29,24,96.00
29,25,85.00
29,26,82.00
29,27,80.00
29,28,76.00
29,29,75.00
29,30,68.00
29,31,65.00
29,32,74.00
29,33,76.00
29,34,97.00
29,35,133.00
29,36,128.00
29,37,153.00
29,38,195.00
29,39,199.00
30,0,101.00
30,1,102.00
30,2,103.00
30,3,94.00
30,4,90.00
30,5,94.00
30,6,83.00
30,7,91.00
30,8,84.00
30,9,83.00
30,10,91.00
30,11,84.00
30,12,102.00
30,13,101.00
30,14,94.00
30,15,94.00
30,16,87.00
30,17,90.00
30,18,94.00
30,19,104.00
30,20,122.00
30,21,113.00
30,22,114.00
30,23,108.00
30,24,89.00
30,25,102.00
30,26,81.00
30,27,80.00
30,28,77.00
30,29,65.00
30,30,65.00
30,31,72.00
30,32,79.00
30,33,88.00
30,34,88.00
30,35,107.00
30,36,117.00
30,37,144.00
30,38,181.00
30,39,202.00
31,0,114.00
31,1,103.00
31,2,100.00
31,3,96.00
31,4,83.00
31,5,83.00
31,6,76.00
31,7,83.00
31,8,82.00
31,9,83.00
31,10,81.00
31,11,88.00
31,12,90.00
31,13,95.00
31,14,94.00
31,15,91.00
31,16,84.00
31,17,76.00
31,18,92.00
31,19,93.00
31,20,106.00
31,21,119.00
31,22,109.00
31,23,107.00
31,24,95.00
31,25,79.00
31,26,82.00
31,27,80.00
31,28,67.00
31,29,65.00
31,30,68.00
31,31,73.00
31,32,75.00
31,33,96.00
31,34,83.00
31,35,110.00
31,36,149.00
31,37,129.00
31,38,157.00
31,39,171.00
32,0,107.00
32,1,95.00
32,2,99.00
32,3,90.00
32,4,70.00
32,5,75.00
32,6,74.00
32,7,72.00
32,8,85.00
32,9,85.00
32,10,84.00
32,11,87.00
32,12,93.00
32,13,105.00
32,14,77.00
32,15,81.00
32,16,83.00
32,17,84.00
32,18,86.00
32,19,85.00
32,20,121.00
32,21,114.00
32,22,106.00
32,23,87.00
32,24,74.00
32,25,80.00
32,26,69.00
32,27,67.00
32,28,66.00
32,29,64.00
32,30,70.00
32,31,66.00
32,32,70.00
32,33,66.00
32,34,98.00
32,35,82.00
32,36,117.00
32,37,145.00
32,38,161.00
32,39,201.00
33,0,95.00
33,1,101.00
33,2,104.00
33,3,96.00
33,4,73.00
33,5,61.00
33,6,80.00
33,7,74.00
33,8,81.00
33,9,68.00
33,10,87.00
33,11,95.00
33,12,89.00
33,13,84.00
33,14,89.00
33,15,83.00
33,16,87.00
33,17,90.00
33,18,99.00
33,19,94.00
33,20,100.00
33,21,106.00
33,22,96.00
33,23,93.00
33,24,75.00
33,25,71.00
33,26,68.00
33,27,58.00
33,28,60.00
33,29,62.00
33,30,67.00
33,31,69.00
33,32,81.00
33,33,91.00
33,34,91.00
33,35,113.00
33,36,104.00
33,37,152.00
33,38,173.00
33,39,190.00
34,0,105.00
34,1,100.00
34,2,104.00
34,3,99.00
34,4,85.00
34,5,85.00
34,6,69.00
34,7,72.00
34,8,74.00
34,9,81.00
34,10,85.00
34,11,81.00
34,12,81.00
34,13,90.00
34,14,85.00
34,15,86.00
34,16,91.00
34,17,88.00
34,18,88.00
34,19,83.00
34,20,92.00
34,21,99.00
34,22,94.00
34,23,81.00
34,24,74.00
34,25,67.00
34,26,64.00
34,27,61.00
34,28,62.00
34,29,73.00
34,30,69.00
34,31,84.00
34,32,80.00
34,33,87.00
34,34,104.00
34,35,105.00
34,36,132.00
34,37,144.00
34,38,176.00
34,39,161.00
35,0,108.00
35,1,115.00
35,2,97.00
35,3,103.00
35,4,95.00
35,5,95.00
35,6,73.00
35,7,79.00
35,8,75.00
35,9,83.00
35,10,72.00
35,11,85.00
35,12,82.00
35,13,82.00
35,14,78.00
35,15,85.00
35,16,79.00
35,17,83.00
35,18,91.00
35,19,84.00
35,20,83.00
35,21,80.00
35,22,82.00
35,23,71.00
35,24,72.00
35,25,61.00
35,26,59.00
35,27,65.00
35,28,74.00
35,29,71.00
35,30,77.00
35,31,91.00
35,32,83.00
35,33,108.00
35,34,126.00
35,35,112.00
35,36,137.00
35,37,136.00
35,38,171.00
35,39,181.00
36,0,114.00
36,1,123.00
36,2,104.00
36,3,97.00
36,4,100.00
36,5,78.00
36,6,80.00
36,7,80.00
36,8,74.00
36,9,79.00
36,10,84.00
36,11,83.00
36,12,83.00
36,13,80.00
36,14,74.00
36,15,80.00
36,16,86.00
36,17,82.00
36,18,87.00
36,19,85.00
36,20,90.00
36,21,83.00
36,22,87.00
36,23,77.00
36,24,66.00
36,25,55.00
36,26,69.00
36,27,65.00
36,28,66.00
36,29,73.00
36,30,80.00
36,31,85.00
36,32,95.00
36,33,95.00
36,34,116.00
36,35,135.00
36,36,138.00
36,37,125.00
36,38,156.00
36,39,191.00
37,0,110.00
37,1,110.00
37,2,124.00
37,3,98.00
37,4,80.00
37,5,89.00
37,6,89.00
37,7,72.00
37,8,80.00
37,9,72.00
37,10,85.00
37,11,74.00
37,12,81.00
37,13,87.00
37,14,78.00
37,15,75.00
37,16,79.00
37,17,87.00
37,18,79.00
37,19,79.00
37,20,86.00
37,21,79.00
37,22,77.00
37,23,67.00
37,24,72.00
37,25,66.00
37,26,64.00
37,27,72.00
37,28,90.00
37,29,72.00
37,30,96.00
37,31,86.00
37,32,86.00
37,33,103.00
37,34,107.00
37,35,115.00
37,36,134.00
37,37,154.00
37,38,137.00
37,39,148.00
38,0,101.00
38,1,115.00
38,2,80.00
38,3,87.00
38,4,80.00
38,5,92.00
38,6,97.00
38,7,91.00
38,8,60.00
38,9,63.00
38,10,81.00
38,11,76.00
38,12,77.00
38,13,68.00
38,14,83.00
38,15,70.00
38,16,67.00
38,17,66.00
38,18,79.00
38,19,78.00
38,20,81.00
38,21,83.00
38,22,72.00
38,23,68.00
38,24,67.00
38,25,69.00
38,26,64.00
38,27,70.00
38,28,63.00
38,29,71.00
38,30,71.00
38,31,100.00
38,32,98.00
38,33,109.00
38,34,121.00
38,35,97.00
38,36,134.00
38,37,145.00
38,38,173.00
38,39,157.00
39,0,94.00
39,1,94.00
39,2,93.00
39,3,81.00
39,4,84.00
39,5,103.00
39,6,95.00
39,7,76.00
39,8,66.00
39,9,74.00
39,10,81.00
39,11,81.00
39,12,77.00
39,13,79.00
39,14,63.00
39,15,69.00
39,16,64.00
39,17,73.00
39,18,75.00
39,19,79.00
39,20,82.00
39,21,72.00
39,22,61.00
39,23,62.00
39,24,56.00
39,25,58.00
39,26,63.00
39,27,63.00
39,28,74.00
39,29,90.00
39,30,78.00
39,31,109.00
39,32,107.00
39,33,128.00
39,34,124.00
39,35,102.00
39,36,143.00
39,37,147.00
39,38,165.00
39,39,167.00
40,0,88.54
40,1,84.26
40,2,94.03
40,3,87.93
40,4,101.97
40,5,78.77
40,6,92.20
40,7,92.20
40,8,65.94
40,9,62.89
40,10,68.39
40,11,86.10
40,12,76.94
40,13,72.05
40,14,70.22
40,15,58.01
40,16,72.05
40,17,57.40
40,18,65.33
40,19,65.94
40,20,69.00
40,21,63.00
40,22,66.00
40,23,62.00
40,24,59.00
40,25,66.00
40,26,65.00
40,27,74.00
40,28,61.00
40,29,94.00
40,30,102.00
40,31,87.00
40,32,115.00
40,33,106.00
40,34,128.00
40,35,137.00
40,36,146.00
40,37,140.00
40,38,113.00
40,39,174.00
41,0,90.37
41,1,114.19
41,2,88.54
41,3,94.03
41,4,90.37
41,5,140.44
41,6,91.59
41,7,96.48
41,8,108.69
41,9,74.49
41,10,54.95
41,11,95.87
41,12,69.61
41,13,80.60
41,14,68.39
41,15,69.00
41,16,86.10
41,17,48.24
41,18,53.73
41,19,54.95
41,20,60.00
41,21,54.00
41,22,52.00
41,23,55.00
41,24,56.00
41,25,65.00
41,26,64.00
41,27,75.00
41,28,65.00
41,29,89.00
41,30,92.00
41,31,85.00
41,32,104.00
41,33,119.00
41,34,127.00
41,35,138.00
41,36,162.00
41,37,163.00
41,38,160.00
41,39,167.00
42,0,95.87
42,1,84.87
42,2,94.03
42,3,98.92
42,4,91.59
42,5,89.15
42,6,88.54
42,7,93.42
42,8,78.77
42,9,77.55
42,10,80.60
42,11,64.72
42,12,89.15
42,13,79.38
42,14,70.83
42,15,64.11
42,16,43.96
42,17,49.46
42,18,52.51
42,19,50.68
42,20,55.00
42,21,53.00
42,22,51.00
42,23,54.00
42,24,65.00
42,25,65.00
42,26,79.00
42,27,56.00
42,28,73.00
42,29,95.00
42,30,107.00
42,31,118.00
42,32,108.00
42,33,110.00
42,34,146.00
42,35,141.00
42,36,146.00
42,37,165.00
42,38,153.00
42,39,166.00
43,0,95.87
43,1,96.48
43,2,95.26
43,3,90.37
43,4,95.26
43,5,92.20
43,6,101.97
43,7,90.37
43,8,73.88
43,9,81.21
43,10,85.49
43,11,69.00
43,12,73.27
43,13,74.49
43,14,81.82
43,15,58.62
43,16,51.90
43,17,47.01
43,18,57.40
43,19,56.79
43,20,57.00
43,21,58.00
43,22,68.00
43,23,60.00
43,24,71.00
43,25,77.00
43,26,96.00
43,27,81.00
43,28,68.00
43,29,140.00
43,30,109.00
43,31,104.00
43,32,135.00
43,33,129.00
43,34,153.00
43,35,154.00
43,36,177.00
43,37,122.00
43,38,150.00
43,39,140.00
44,0,90.37
44,1,92.81
44,2,94.65
44,3,80.60
44,4,90.37
44,5,83.04
44,6,98.31
44,7,89.15
44,8,87.93
44,9,91.59
44,10,87.32
44,11,51.90
44,12,71.44
44,13,78.16
44,14,70.22
44,15,96.48
44,16,74.49
44,17,69.00
44,18,59.23
44,19,64.72
44,20,57.00
44,21,55.00
44,22,54.00
44,23,64.00
44,24,73.00
44,25,75.00
44,26,81.00
44,27,89.00
44,28,100.00
44,29,102.00
44,30,118.00
44,31,138.00
44,32,135.00
44,33,143.00
44,34,160.00
44,35,168.00
44,36,175.00
44,37,155.00
44,38,170.00
44,39,151.00
45,0,89.76
45,1,72.05
45,2,87.32
45,3,90.98
45,4,70.83
45,5,116.02
45,6,90.37
45,7,98.31
45,8,95.87
45,9,87.32
45,10,57.40
45,11,43.96
45,12,68.39
45,13,71.44
45,14,71.44
45,15,57.40
45,16,67.17
45,17,66.56
45,18,72.66
45,19,64.11
45,20,64.00
45,21,60.00
45,22,62.00
45,23,70.00
45,24,76.00
45,25,80.00
45,26,98.00
45,27,131.00
45,28,99.00
45,29,110.00
45,30,112.00
45,31,136.00
45,32,142.00
45,33,125.00
45,34,118.00
45,35,145.00
45,36,177.00
45,37,152.00
45,38,162.00
45,39,150.00
46,0,83.04
46,1,68.39
46,2,88.54
46,3,88.54
46,4,72.66
46,5,79.38
46,6,85.49
46,7,83.65
46,8,86.10
46,9,81.21
46,10,51.90
46,11,42.74
46,12,64.72
46,13,74.49
46,14,59.23
46,15,52.51
46,16,56.17
46,17,79.99
46,18,72.05
46,19,73.88
46,20,72.00
46,21,74.00
46,22,75.00
46,23,73.00
46,24,65.00
46,25,77.00
46,26,97.00
46,27,104.00
46,28,101.00
46,29,107.00
46,30,121.00
46,31,119.00
46,32,136.00
46,33,140.00
46,34,175.00
46,35,180.00
46,36,180.00
46,37,155.00
46,38,169.00
46,39,150.00
47,0,89.15
47,1,87.93
47,2,97.70
47,3,83.65
47,4,90.98
47,5,62.89
47,6,85.49
47,7,65.33
47,8,72.05
47,9,66.56
47,10,64.11
47,11,58.62
47,12,62.89
47,13,66.56
47,14,60.45
47,15,58.01
47,16,62.28
47,17,68.39
47,18,72.66
47,19,59.84
47,20,69.00
47,21,78.00
47,22,87.00
47,23,84.00
47,24,71.00
47,25,91.00
47,26,91.00
47,27,97.00
47,28,93.00
47,29,113.00
47,30,100.00
47,31,117.00
47,32,131.00
47,33,136.00
47,34,153.00
47,35,158.00
47,36,172.00
47,37,134.00
47,38,146.00
47,39,127.00
48,0,89.76
48,1,95.26
48,2,97.09
48,3,92.81
48,4,81.82
48,5,70.22
48,6,54.95
48,7,54.95
48,8,65.94
48,9,75.72
48,10,66.56
48,11,73.27
48,12,65.33
48,13,65.33
48,14,67.17
48,15,66.56
48,16,62.89
48,17,67.17
48,18,63.50
48,19,65.33
48,20,74.00
48,21,88.00
48,22,88.00
48,23,95.00
48,24,91.00
48,25,107.00
48,26,97.00
48,27,85.00
48,28,94.00
48,29,102.00
48,30,125.00
48,31,127.00
48,32,140.00
48,33,131.00
48,34,158.00
48,35,148.00
48,36,164.00
48,37,139.00
48,38,155.00
48,39,153.00
49,0,98.31
49,1,95.87
49,2,89.15
49,3,76.94
49,4,87.32
49,5,78.77
49,6,92.81
49,7,63.50
49,8,62.89
49,9,76.33
49,10,81.21
49,11,76.94
49,12,78.16
49,13,79.99
49,14,53.73
49,15,72.05
49,16,63.50
49,17,53.73
49,18,53.73
49,19,59.23
49,20,68.00
49,21,79.00
49,22,87.00
49,23,100.00
49,24,96.00
49,25,91.00
49,26,92.00
49,27,97.00
49,28,103.00
49,29,121.00
49,30,80.00
49,31,143.00
49,32,125.00
49,33,132.00
49,34,144.00
49,35,158.00
49,36,154.00
49,37,160.00
49,38,161.00
49,39,162.00
50,0,89.15
50,1,87.32
50,2,81.21
50,3,79.99
50,4,86.10
50,5,92.20
50,6,78.16
50,7,80.60
50,8,52.51
50,9,59.23
50,10,67.78
50,11,70.83
50,12,76.33
50,13,70.22
50,14,50.68
50,15,70.83
50,16,61.06
50,17,54.34
50,18,52.51
50,19,54.95
50,20,61.00
50,21,72.00
50,22,85.00
50,23,82.00
50,24,80.00
50,25,78.00
50,26,99.00
50,27,112.00
50,28,90.00
50,29,104.00
50,30,127.00
50,31,123.00
50,32,123.00
50,33,121.00
50,34,124.00
50,35,131.00
50,36,134.00
50,37,148.00
50,38,160.00
50,39,158.00
51,0,98.31
51,1,89.76
51,2,95.87
51,3,89.15
51,4,79.99
51,5,82.43
51,6,88.54
51,7,78.77
51,8,68.39
51,9,65.94
51,10,65.94
51,11,70.22
51,12,84.87
51,13,73.27
51,14,74.49
51,15,73.88
51,16,69.61
51,17,52.51
51,18,54.34
51,19,48.24
51,20,45.00
51,21,49.00
51,22,65.00
51,23,71.00
51,24,72.00
51,25,84.00
51,26,96.00
51,27,97.00
51,28,104.00
51,29,105.00
51,30,125.00
51,31,100.00
51,32,112.00
51,33,122.00
51,34,122.00
51,35,147.00
51,36,145.00
51,37,176.00
51,38,175.00
51,39,168.00
52,0,85.49
52,1,88.54
52,2,75.72
52,3,89.15
52,4,95.26
52,5,85.49
52,6,89.15
52,7,81.82
52,8,64.72
52,9,54.34
52,10,64.11
52,11,67.17
52,12,79.38
52,13,80.60
52,14,73.27
52,15,73.88
52,16,78.77
52,17,61.06
52,18,61.06
52,19,49.46
52,20,45.00
52,21,50.00
52,22,46.00
52,23,46.00
52,24,60.00
52,25,76.00
52,26,87.00
52,27,94.00
52,28,87.00
52,29,105.00
52,30,119.00
52,31,100.00
52,32,123.00
52,33,117.00
52,34,130.00
52,35,111.00
52,36,140.00
52,37,162.00
52,38,159.00
52,39,141.00
53,0,94.65
53,1,95.26
53,2,93.42
53,3,98.92
53,4,90.98
53,5,83.04
53,6,82.43
53,7,81.82
53,8,77.55
53,9,65.94
53,10,76.94
53,11,78.16
53,12,72.05
53,13,78.16
53,14,75.72
53,15,76.33
53,16,72.05
53,17,72.66
53,18,62.89
53,19,62.89
53,20,45.00
53,21,43.00
53,22,43.00
53,23,47.00
53,24,52.00
53,25,78.00
53,26,88.00
53,27,96.00
53,28,86.00
53,29,76.00
53,30,90.00
53,31,102.00
53,32,114.00
53,33,106.00
53,34,126.00
53,35,124.00
53,36,146.00
53,37,150.00
53,38,139.00
53,39,161.00
54,0,95.26
54,1,98.92
54,2,100.14
54,3,95.87
54,4,90.98
54,5,84.26
54,6,76.33
54,7,75.72
54,8,71.44
54,9,76.33
54,10,76.33
54,11,74.49
54,12,78.77
54,13,75.72
54,14,76.33
54,15,71.44
54,16,65.94
54,17,68.39
54,18,60.45
54,19,63.50
54,20,58.00
54,21,48.00
54,22,36.00
54,23,43.00
54,24,51.00
54,25,75.00
54,26,92.00
54,27,69.00
54,28,69.00
54,29,53.00
54,30,83.00
54,31,135.00
54,32,109.00
54,33,98.00
54,34,122.00
54,35,121.00
54,36,147.00
54,37,140.00
54,38,137.00
54,39,127.00
55,0,75.72
55,1,94.03
55,2,89.15
55,3,87.32
55,4,94.65
55,5,73.88
55,6,72.05
55,7,69.61
55,8,67.17
55,9,65.94
55,10,66.56
55,11,68.39
55,12,74.49
55,13,77.55
55,14,77.55
55,15,66.56
55,16,62.89
55,17,48.85
55,18,81.82
55,19,81.82
55,20,64.00
55,21,57.00
55,22,48.00
55,23,45.00
55,24,57.00
55,25,79.00
55,26,81.00
55,27,82.00
55,28,65.00
55,29,76.00
55,30,63.00
55,31,98.00
55,32,95.00
55,33,116.00
55,34,117.00
55,35,117.00
55,36,137.00
55,37,153.00
55,38,133.00
55,39,134.00
56,0,78.16
56,1,77.55
56,2,87.93
56,3,87.93
56,4,75.72
56,5,74.49
56,6,66.56
56,7,72.05
56,8,59.23
56,9,51.29
56,10,58.01
56,11,58.01
56,12,58.62
56,13,73.27
56,14,75.10
56,15,66.56
56,16,57.40
56,17,55.56
56,18,81.82
56,19,81.82
56,20,119.00
56,21,119.00
56,22,63.00
56,23,50.00
56,24,62.00
56,25,66.00
56,26,64.00
56,27,69.00
56,28,73.00
56,29,76.00
56,30,82.00
56,31,92.00
56,32,97.00
56,33,106.00
56,34,110.00
56,35,104.00
56,36,102.00
56,37,133.00
56,38,119.00
56,39,124.00
57,0,81.21
57,1,90.98
57,2,83.04
57,3,71.44
57,4,81.21
57,5,69.00
57,6,70.83
57,7,68.39
57,8,61.67
57,9,64.72
57,10,56.17
57,11,47.01
57,12,53.73
57,13,65.94
57,14,75.72
57,15,80.60
57,16,55.56
57,17,53.73
57,18,81.82
57,19,81.82
57,20,119.00
57,21,119.00
57,22,119.00
57,23,119.00
57,24,119.00
57,25,63.00
57,26,62.00
57,27,59.00
57,28,66.00
57,29,72.00
57,30,97.00
57,31,78.00
57,32,91.00
57,33,96.00
57,34,89.00
57,35,106.00
57,36,98.00
57,37,123.00
57,38,116.00
57,39,128.00
58,0,79.99
58,1,85.49
58,2,77.55
58,3,77.55
58,4,87.32
58,5,71.44
58,6,70.22
58,7,66.56
58,8,62.28
58,9,66.56
58,10,53.73
58,11,50.68
58,12,54.95
58,13,69.00
58,14,76.94
58,15,72.05
58,16,66.56
58,17,53.73
58,18,81.82
58,19,81.82
58,20,119.00
58,21,119.00
58,22,119.00
58,23,119.00
58,24,119.00
58,25,119.00
58,26,119.00
58,27,119.00
58,28,119.00
58,29,119.00
58,30,73.00
58,31,71.00
58,32,73.00
58,33,75.00
58,34,81.00
58,35,110.00
58,36,108.00
58,37,131.00
58,38,103.00
58,39,128.00
59,0,86.10
59,1,86.71
59,2,86.71
59,3,76.33
59,4,79.99
59,5,79.99
59,6,70.83
59,7,78.16
59,8,62.89
59,9,66.56
59,10,55.56
59,11,56.17
59,12,43.96
59,13,56.17
59,14,63.50
59,15,59.23
59,16,56.79
59,17,55.56
59,18,81.82
59,19,81.82
59,20,119.00
59,21,119.00
59,22,119.00
59,23,119.00
59,24,119.00
59,25,119.00
59,26,119.00
59,27,119.00
59,28,119.00
59,29,119.00
59,30,119.00
59,31,119.00
59,32,80.00
59,33,81.00
59,34,83.00
59,35,97.00
59,36,92.00
59,37,108.00
59,38,110.00
59,39,102.00
