0,0,nan
0,1,nan
0,2,nan
0,3,nan
0,4,nan
0,5,nan
0,6,nan
0,7,nan
0,8,nan
0,9,nan
0,10,nan
0,11,nan
0,12,nan
0,13,nan
0,14,nan
0,15,nan
0,16,nan
0,17,nan
0,18,nan
0,19,nan
0,20,166.31
0,21,161.99
0,22,163.72
0,23,168.90
0,24,176.67
0,25,176.67
0,26,146.45
0,27,177.54
0,28,172.35
0,29,161.99
0,30,216.40
0,31,207.76
0,32,208.63
0,33,215.53
0,34,212.94
0,35,228.49
0,36,212.94
0,37,206.90
0,38,191.35
0,39,184.44
0,40,197.24
0,41,194.10
0,42,190.96
0,43,211.88
0,44,180.50
0,45,201.42
0,46,219.20
0,47,199.32
0,48,226.52
0,49,231.75
0,50,200.38
0,51,205.61
0,52,208.74
0,53,210.84
0,54,196.19
0,55,187.82
0,56,194.10
0,57,193.05
0,58,199.32
0,59,194.10
0,60,nan
0,61,nan
0,62,nan
0,63,nan
0,64,nan
0,65,nan
0,66,nan
0,67,nan
0,68,nan
0,69,nan
0,70,nan
0,71,nan
0,72,nan
0,73,nan
0,74,nan
0,75,nan
0,76,nan
0,77,nan
0,78,nan
0,79,nan
1,0,nan
1,1,nan
1,2,nan
1,3,nan
1,4,nan
1,5,nan
1,6,nan
1,7,nan
1,8,nan
1,9,nan
1,10,nan
1,11,nan
1,12,nan
1,13,nan
1,14,nan
1,15,nan
1,16,nan
1,17,nan
1,18,nan
1,19,nan
1,20,171.49
1,21,166.31
1,22,165.44
1,23,166.31
1,24,180.13
1,25,131.76
1,26,163.72
1,27,187.90
1,28,182.72
1,29,164.58
1,30,209.49
1,31,220.72
1,32,223.31
1,33,228.49
1,34,206.90
1,35,200.85
1,36,212.94
1,37,206.90
1,38,201.72
1,39,192.22
1,40,201.42
1,41,203.51
1,42,187.82
1,43,174.22
1,44,188.87
1,45,209.79
1,46,201.42
1,47,235.94
1,48,201.42
1,49,220.25
1,50,210.84
1,51,222.35
1,52,218.16
1,53,225.48
1,54,199.32
1,55,219.20
1,56,185.73
1,57,189.92
1,58,200.38
1,59,173.18
1,60,nan
1,61,nan
1,62,nan
1,63,nan
1,64,nan
1,65,nan
1,66,nan
1,67,nan
1,68,nan
1,69,nan
1,70,nan
1,71,nan
1,72,nan
1,73,nan
1,74,nan
1,75,nan
1,76,nan
1,77,nan
1,78,nan
1,79,nan
2,0,nan
2,1,nan
2,2,nan
2,3,nan
2,4,nan
2,5,nan
2,6,nan
2,7,nan
2,8,nan
2,9,nan
2,10,nan
2,11,nan
2,12,nan
2,13,nan
2,14,nan
2,15,nan
2,16,nan
2,17,nan
2,18,nan
2,19,nan
2,20,154.22
2,21,138.67
2,22,165.44
2,23,151.63
2,24,170.63
2,25,154.22
2,26,174.08
2,27,136.95
2,28,181.85
2,29,201.72
2,30,200.85
2,31,204.31
2,32,177.54
2,33,199.99
2,34,221.58
2,35,187.90
2,36,191.35
2,37,215.53
2,38,190.49
2,39,213.81
2,40,189.92
2,41,205.61
2,42,202.47
2,43,194.10
2,44,202.47
2,45,210.84
2,46,218.16
2,47,215.02
2,48,226.52
2,49,226.52
2,50,224.43
2,51,211.88
2,52,194.10
2,53,182.59
2,54,202.47
2,55,181.54
2,56,187.82
2,57,176.31
2,58,197.24
2,59,183.64
2,60,nan
2,61,nan
2,62,nan
2,63,nan
2,64,nan
2,65,nan
2,66,nan
2,67,nan
2,68,nan
2,69,nan
2,70,nan
2,71,nan
2,72,nan
2,73,nan
2,74,nan
2,75,nan
2,76,nan
2,77,nan
2,78,nan
2,79,nan
3,0,nan
3,1,nan
3,2,nan
3,3,nan
3,4,nan
3,5,nan
3,6,nan
3,7,nan
3,8,nan
3,9,nan
3,10,nan
3,11,nan
3,12,nan
3,13,nan
3,14,nan
3,15,nan
3,16,nan
3,17,nan
3,18,nan
3,19,nan
3,20,171.49
3,21,168.04
3,22,169.76
3,23,165.44
3,24,197.40
3,25,173.22
3,26,156.81
3,27,174.08
3,28,193.08
3,29,188.76
3,30,188.76
3,31,206.03
3,32,210.35
3,33,206.03
3,34,225.90
3,35,221.58
3,36,216.40
3,37,212.94
3,38,181.85
3,39,215.53
3,40,197.24
3,41,193.05
3,42,192.00
3,43,200.38
3,44,199.32
3,45,204.56
3,46,231.75
3,47,197.24
3,48,204.56
3,49,219.20
3,50,202.47
3,51,223.39
3,52,218.16
3,53,208.74
3,54,212.93
3,55,218.16
3,56,211.88
3,57,193.05
3,58,204.56
3,59,202.47
3,60,nan
3,61,nan
3,62,nan
3,63,nan
3,64,nan
3,65,nan
3,66,nan
3,67,nan
3,68,nan
3,69,nan
3,70,nan
3,71,nan
3,72,nan
3,73,nan
3,74,nan
3,75,nan
3,76,nan
3,77,nan
3,78,nan
3,79,nan
4,0,nan
4,1,nan
4,2,nan
4,3,nan
4,4,nan
4,5,nan
4,6,nan
4,7,nan
4,8,nan
4,9,nan
4,10,nan
4,11,nan
4,12,nan
4,13,nan
4,14,nan
4,15,nan
4,16,nan
4,17,nan
4,18,nan
4,19,nan
4,20,179.26
4,21,184.44
4,22,167.17
4,23,184.44
4,24,169.76
4,25,172.35
4,26,184.44
4,27,187.03
4,28,180.13
4,29,197.40
4,30,171.49
4,31,176.67
4,32,180.13
4,33,191.35
4,34,211.22
4,35,199.99
4,36,212.94
4,37,211.22
4,38,217.26
4,39,173.22
4,40,198.28
4,41,200.38
4,42,207.70
4,43,192.00
4,44,192.00
4,45,200.38
4,46,205.61
4,47,211.88
4,48,189.92
4,49,212.93
4,50,228.62
4,51,234.90
4,52,222.35
4,53,218.16
4,54,217.11
4,55,232.80
4,56,221.29
4,57,195.15
4,58,183.64
4,59,200.38
4,60,nan
4,61,nan
4,62,nan
4,63,nan
4,64,nan
4,65,nan
4,66,nan
4,67,nan
4,68,nan
4,69,nan
4,70,nan
4,71,nan
4,72,nan
4,73,nan
4,74,nan
4,75,nan
4,76,nan
4,77,nan
4,78,nan
4,79,nan
5,0,nan
5,1,nan
5,2,nan
5,3,nan
5,4,nan
5,5,nan
5,6,nan
5,7,nan
5,8,nan
5,9,nan
5,10,nan
5,11,nan
5,12,nan
5,13,nan
5,14,nan
5,15,nan
5,16,nan
5,17,nan
5,18,nan
5,19,nan
5,20,185.31
5,21,182.72
5,22,180.13
5,23,187.03
5,24,187.03
5,25,175.81
5,26,179.26
5,27,170.63
5,28,173.22
5,29,184.44
5,30,159.40
5,31,183.58
5,32,169.76
5,33,180.13
5,34,197.40
5,35,206.03
5,36,203.44
5,37,212.08
5,38,197.40
5,39,211.22
5,40,194.10
5,41,180.50
5,42,170.04
5,43,183.64
5,44,196.19
5,45,193.05
5,46,205.61
5,47,192.00
5,48,203.51
5,49,205.61
5,50,195.15
5,51,224.43
5,52,202.47
5,53,222.35
5,54,203.51
5,55,209.79
5,56,192.00
5,57,193.05
5,58,204.56
5,59,187.82
5,60,nan
5,61,nan
5,62,nan
5,63,nan
5,64,nan
5,65,nan
5,66,nan
5,67,nan
5,68,nan
5,69,nan
5,70,nan
5,71,nan
5,72,nan
5,73,nan
5,74,nan
5,75,nan
5,76,nan
5,77,nan
5,78,nan
5,79,nan
6,0,nan
6,1,nan
6,2,nan
6,3,nan
6,4,nan
6,5,nan
6,6,nan
6,7,nan
6,8,nan
6,9,nan
6,10,nan
6,11,nan
6,12,nan
6,13,nan
6,14,nan
6,15,nan
6,16,nan
6,17,nan
6,18,nan
6,19,nan
6,20,170.63
6,21,178.40
6,22,168.04
6,23,193.08
6,24,201.72
6,25,178.40
6,26,170.63
6,27,175.81
6,28,176.67
6,29,192.22
6,30,174.94
6,31,177.54
6,32,182.72
6,33,175.81
6,34,189.63
6,35,193.08
6,36,179.26
6,37,193.94
6,38,211.22
6,39,211.22
6,40,174.22
6,41,190.96
6,42,171.08
6,43,170.04
6,44,197.24
6,45,183.64
6,46,176.31
6,47,198.28
6,48,207.70
6,49,182.59
6,50,199.32
6,51,193.05
6,52,202.47
6,53,186.77
6,54,193.05
6,55,193.05
6,56,207.70
6,57,199.32
6,58,216.06
6,59,181.54
6,60,nan
6,61,nan
6,62,nan
6,63,nan
6,64,nan
6,65,nan
6,66,nan
6,67,nan
6,68,nan
6,69,nan
6,70,nan
6,71,nan
6,72,nan
6,73,nan
6,74,nan
6,75,nan
6,76,nan
6,77,nan
6,78,nan
6,79,nan
7,0,nan
7,1,nan
7,2,nan
7,3,nan
7,4,nan
7,5,nan
7,6,nan
7,7,nan
7,8,nan
7,9,nan
7,10,nan
7,11,nan
7,12,nan
7,13,nan
7,14,nan
7,15,nan
7,16,nan
7,17,nan
7,18,nan
7,19,nan
7,20,170.63
7,21,158.54
7,22,186.17
7,23,160.26
7,24,188.76
7,25,178.40
7,26,163.72
7,27,176.67
7,28,182.72
7,29,177.54
7,30,180.99
7,31,171.49
7,32,178.40
7,33,183.58
7,34,180.13
7,35,189.63
7,36,168.90
7,37,204.31
7,38,197.40
7,39,182.72
7,40,194.10
7,41,179.45
7,42,172.13
7,43,162.72
7,44,207.70
7,45,183.64
7,46,184.68
7,47,218.16
7,48,211.88
7,49,198.28
7,50,188.87
7,51,202.47
7,52,185.73
7,53,188.87
7,54,205.61
7,55,212.93
7,56,192.00
7,57,222.35
7,58,217.11
7,59,192.00
7,60,nan
7,61,nan
7,62,nan
7,63,nan
7,64,nan
7,65,nan
7,66,nan
7,67,nan
7,68,nan
7,69,nan
7,70,nan
7,71,nan
7,72,nan
7,73,nan
7,74,nan
7,75,nan
7,76,nan
7,77,nan
7,78,nan
7,79,nan
8,0,nan
8,1,nan
8,2,nan
8,3,nan
8,4,nan
8,5,nan
8,6,nan
8,7,nan
8,8,nan
8,9,nan
8,10,nan
8,11,nan
8,12,nan
8,13,nan
8,14,nan
8,15,nan
8,16,nan
8,17,nan
8,18,nan
8,19,nan
8,20,160.26
8,21,170.63
8,22,168.90
8,23,168.90
8,24,161.13
8,25,154.22
8,26,165.44
8,27,169.76
8,28,174.08
8,29,187.03
8,30,183.58
8,31,180.99
8,32,181.85
8,33,168.04
8,34,171.49
8,35,183.58
8,36,162.85
8,37,182.72
8,38,193.08
8,39,186.17
8,40,189.92
8,41,156.44
8,42,175.27
8,43,176.31
8,44,161.67
8,45,174.22
8,46,185.73
8,47,173.18
8,48,196.19
8,49,205.61
8,50,186.77
8,51,192.00
8,52,197.24
8,53,196.19
8,54,193.05
8,55,207.70
8,56,192.00
8,57,194.10
8,58,215.02
8,59,179.45
8,60,nan
8,61,nan
8,62,nan
8,63,nan
8,64,nan
8,65,nan
8,66,nan
8,67,nan
8,68,nan
8,69,nan
8,70,nan
8,71,nan
8,72,nan
8,73,nan
8,74,nan
8,75,nan
8,76,nan
8,77,nan
8,78,nan
8,79,nan
9,0,nan
9,1,nan
9,2,nan
9,3,nan
9,4,nan
9,5,nan
9,6,nan
9,7,nan
9,8,nan
9,9,nan
9,10,nan
9,11,nan
9,12,nan
9,13,nan
9,14,nan
9,15,nan
9,16,nan
9,17,nan
9,18,nan
9,19,nan
9,20,172.35
9,21,155.08
9,22,173.22
9,23,162.85
9,24,176.67
9,25,174.94
9,26,168.04
9,27,151.63
9,28,165.44
9,29,184.44
9,30,168.90
9,31,184.44
9,32,191.35
9,33,182.72
9,34,180.99
9,35,174.94
9,36,187.03
9,37,174.08
9,38,175.81
9,39,175.81
9,40,181.54
9,41,176.31
9,42,172.13
9,43,167.95
9,44,181.54
9,45,182.59
9,46,195.15
9,47,201.42
9,48,196.19
9,49,203.51
9,50,187.82
9,51,192.00
9,52,198.28
9,53,207.70
9,54,172.13
9,55,205.61
9,56,203.51
9,57,201.42
9,58,190.96
9,59,206.65
9,60,nan
9,61,nan
9,62,nan
9,63,nan
9,64,nan
9,65,nan
9,66,nan
9,67,nan
9,68,nan
9,69,nan
9,70,nan
9,71,nan
9,72,nan
9,73,nan
9,74,nan
9,75,nan
9,76,nan
9,77,nan
9,78,nan
9,79,nan
10,0,nan
10,1,nan
10,2,nan
10,3,nan
10,4,nan
10,5,nan
10,6,nan
10,7,nan
10,8,nan
10,9,nan
10,10,nan
10,11,nan
10,12,nan
10,13,nan
10,14,nan
10,15,nan
10,16,nan
10,17,nan
10,18,nan
10,19,nan
10,20,153.35
10,21,151.63
10,22,157.67
10,23,149.90
10,24,161.99
10,25,143.85
10,26,155.08
10,27,155.08
10,28,156.81
10,29,155.08
10,30,166.31
10,31,157.67
10,32,183.58
10,33,180.13
10,34,180.13
10,35,172.35
10,36,178.40
10,37,163.72
10,38,160.26
10,39,152.49
10,40,182.59
10,41,162.72
10,42,173.18
10,43,176.31
10,44,177.37
10,45,179.45
10,46,187.82
10,47,181.54
10,48,200.38
10,49,195.15
10,50,180.50
10,51,211.88
10,52,202.47
10,53,200.38
10,54,207.70
10,55,201.42
10,56,202.47
10,57,202.47
10,58,200.38
10,59,194.10
10,60,nan
10,61,nan
10,62,nan
10,63,nan
10,64,nan
10,65,nan
10,66,nan
10,67,nan
10,68,nan
10,69,nan
10,70,nan
10,71,nan
10,72,nan
10,73,nan
10,74,nan
10,75,nan
10,76,nan
10,77,nan
10,78,nan
10,79,nan
11,0,nan
11,1,nan
11,2,nan
11,3,nan
11,4,nan
11,5,nan
11,6,nan
11,7,nan
11,8,nan
11,9,nan
11,10,nan
11,11,nan
11,12,nan
11,13,nan
11,14,nan
11,15,nan
11,16,nan
11,17,nan
11,18,nan
11,19,nan
11,20,152.49
11,21,182.72
11,22,163.72
11,23,163.72
11,24,162.85
11,25,167.17
11,26,166.31
11,27,169.76
11,28,148.17
11,29,171.49
11,30,174.94
11,31,177.54
11,32,194.81
11,33,172.35
11,34,171.49
11,35,168.04
11,36,194.81
11,37,139.54
11,38,155.08
11,39,155.95
11,40,176.31
11,41,168.99
11,42,159.58
11,43,173.18
11,44,161.67
11,45,167.95
11,46,173.18
11,47,178.41
11,48,180.50
11,49,166.90
11,50,189.92
11,51,205.61
11,52,193.05
11,53,182.59
11,54,180.50
11,55,210.84
11,56,187.82
11,57,203.51
11,58,194.10
11,59,200.38
11,60,nan
11,61,nan
11,62,nan
11,63,nan
11,64,nan
11,65,nan
11,66,nan
11,67,nan
11,68,nan
11,69,nan
11,70,nan
11,71,nan
11,72,nan
11,73,nan
11,74,nan
11,75,nan
11,76,nan
11,77,nan
11,78,nan
11,79,nan
12,0,nan
12,1,nan
12,2,nan
12,3,nan
12,4,nan
12,5,nan
12,6,nan
12,7,nan
12,8,nan
12,9,nan
12,10,nan
12,11,nan
12,12,nan
12,13,nan
12,14,nan
12,15,nan
12,16,nan
12,17,nan
12,18,nan
12,19,nan
12,20,161.99
12,21,173.22
12,22,187.90
12,23,159.40
12,24,155.08
12,25,180.99
12,26,156.81
12,27,168.04
12,28,144.72
12,29,149.90
12,30,168.04
12,31,176.67
12,32,162.85
12,33,157.67
12,34,152.49
12,35,172.35
12,36,167.17
12,37,174.94
12,38,161.13
12,39,165.44
12,40,166.90
12,41,157.49
12,42,163.76
12,43,157.49
12,44,167.95
12,45,175.27
12,46,183.64
12,47,183.64
12,48,185.73
12,49,172.13
12,50,175.27
12,51,189.92
12,52,182.59
12,53,179.45
12,54,195.15
12,55,168.99
12,56,211.88
12,57,176.31
12,58,196.19
12,59,205.61
12,60,nan
12,61,nan
12,62,nan
12,63,nan
12,64,nan
12,65,nan
12,66,nan
12,67,nan
12,68,nan
12,69,nan
12,70,nan
12,71,nan
12,72,nan
12,73,nan
12,74,nan
12,75,nan
12,76,nan
12,77,nan
12,78,nan
12,79,nan
13,0,nan
13,1,nan
13,2,nan
13,3,nan
13,4,nan
13,5,nan
13,6,nan
13,7,nan
13,8,nan
13,9,nan
13,10,nan
13,11,nan
13,12,nan
13,13,nan
13,14,nan
13,15,nan
13,16,nan
13,17,nan
13,18,nan
13,19,nan
13,20,152.49
13,21,157.67
13,22,177.54
13,23,166.31
13,24,162.85
13,25,161.99
13,26,170.63
13,27,170.63
13,28,166.31
13,29,166.31
13,30,166.31
13,31,155.08
13,32,142.99
13,33,168.04
13,34,161.99
13,35,161.99
13,36,185.31
13,37,167.17
13,38,162.85
13,39,167.17
13,40,172.13
13,41,163.76
13,42,152.26
13,43,157.49
13,44,159.58
13,45,159.58
13,46,176.31
13,47,184.68
13,48,178.41
13,49,192.00
13,50,184.68
13,51,200.38
13,52,187.82
13,53,182.59
13,54,205.61
13,55,184.68
13,56,207.70
13,57,219.20
13,58,218.16
13,59,196.19
13,60,nan
13,61,nan
13,62,nan
13,63,nan
13,64,nan
13,65,nan
13,66,nan
13,67,nan
13,68,nan
13,69,nan
13,70,nan
13,71,nan
13,72,nan
13,73,nan
13,74,nan
13,75,nan
13,76,nan
13,77,nan
13,78,nan
13,79,nan
14,0,nan
14,1,nan
14,2,nan
14,3,nan
14,4,nan
14,5,nan
14,6,nan
14,7,nan
14,8,nan
14,9,nan
14,10,nan
14,11,nan
14,12,nan
14,13,nan
14,14,nan
14,15,nan
14,16,nan
14,17,nan
14,18,nan
14,19,nan
14,20,136.08
14,21,168.90
14,22,163.72
14,23,180.13
14,24,181.85
14,25,170.63
14,26,164.58
14,27,166.31
14,28,166.31
14,29,167.17
14,30,157.67
14,31,140.40
14,32,152.49
14,33,149.90
14,34,168.90
14,35,169.76
14,36,145.58
14,37,164.58
14,38,168.04
14,39,156.81
14,40,170.04
14,41,176.31
14,42,156.44
14,43,158.53
14,44,159.58
14,45,166.90
14,46,173.18
14,47,186.77
14,48,182.59
14,49,178.41
14,50,187.82
14,51,170.04
14,52,189.92
14,53,176.31
14,54,179.45
14,55,199.32
14,56,199.32
14,57,208.74
14,58,198.28
14,59,196.19
14,60,nan
14,61,nan
14,62,nan
14,63,nan
14,64,nan
14,65,nan
14,66,nan
14,67,nan
14,68,nan
14,69,nan
14,70,nan
14,71,nan
14,72,nan
14,73,nan
14,74,nan
14,75,nan
14,76,nan
14,77,nan
14,78,nan
14,79,nan
15,0,nan
15,1,nan
15,2,nan
15,3,nan
15,4,nan
15,5,nan
15,6,nan
15,7,nan
15,8,nan
15,9,nan
15,10,nan
15,11,nan
15,12,nan
15,13,nan
15,14,nan
15,15,nan
15,16,nan
15,17,nan
15,18,nan
15,19,nan
15,20,174.08
15,21,151.63
15,22,155.08
15,23,165.44
15,24,174.94
15,25,155.95
15,26,174.08
15,27,173.22
15,28,163.72
15,29,171.49
15,30,153.35
15,31,158.54
15,32,165.44
15,33,155.95
15,34,151.63
15,35,161.99
15,36,167.17
15,37,160.26
15,38,158.54
15,39,168.04
15,40,160.63
15,41,171.08
15,42,156.44
15,43,156.44
15,44,153.30
15,45,158.53
15,46,159.58
15,47,177.37
15,48,167.95
15,49,167.95
15,50,175.27
15,51,170.04
15,52,179.45
15,53,187.82
15,54,194.10
15,55,190.96
15,56,207.70
15,57,220.25
15,58,208.74
15,59,215.02
15,60,nan
15,61,nan
15,62,nan
15,63,nan
15,64,nan
15,65,nan
15,66,nan
15,67,nan
15,68,nan
15,69,nan
15,70,nan
15,71,nan
15,72,nan
15,73,nan
15,74,nan
15,75,nan
15,76,nan
15,77,nan
15,78,nan
15,79,nan
16,0,nan
16,1,nan
16,2,nan
16,3,nan
16,4,nan
16,5,nan
16,6,nan
16,7,nan
16,8,nan
16,9,nan
16,10,nan
16,11,nan
16,12,nan
16,13,nan
16,14,nan
16,15,nan
16,16,nan
16,17,nan
16,18,nan
16,19,nan
16,20,172.35
16,21,161.13
16,22,157.67
16,23,155.95
16,24,167.17
16,25,164.58
16,26,181.85
16,27,149.90
16,28,143.85
16,29,184.44
16,30,172.35
16,31,157.67
16,32,155.95
16,33,172.35
16,34,163.72
16,35,162.85
16,36,153.35
16,37,160.26
16,38,149.90
16,39,161.99
16,40,162.72
16,41,153.30
16,42,154.34
16,43,153.30
16,44,151.21
16,45,143.89
16,46,153.30
16,47,155.40
16,48,151.21
16,49,149.11
16,50,164.81
16,51,168.99
16,52,175.27
16,53,178.41
16,54,192.00
16,55,203.51
16,56,170.04
16,57,196.19
16,58,194.10
16,59,201.42
16,60,nan
16,61,nan
16,62,nan
16,63,nan
16,64,nan
16,65,nan
16,66,nan
16,67,nan
16,68,nan
16,69,nan
16,70,nan
16,71,nan
16,72,nan
16,73,nan
16,74,nan
16,75,nan
16,76,nan
16,77,nan
16,78,nan
16,79,nan
17,0,nan
17,1,nan
17,2,nan
17,3,nan
17,4,nan
17,5,nan
17,6,nan
17,7,nan
17,8,nan
17,9,nan
17,10,nan
17,11,nan
17,12,nan
17,13,nan
17,14,nan
17,15,nan
17,16,nan
17,17,nan
17,18,nan
17,19,nan
17,20,172.35
17,21,167.17
17,22,173.22
17,23,163.72
17,24,171.49
17,25,146.45
17,26,162.85
17,27,150.76
17,28,160.26
17,29,160.26
17,30,168.90
17,31,170.63
17,32,160.26
17,33,168.90
17,34,154.22
17,35,161.99
17,36,157.67
17,37,165.44
17,38,157.67
17,39,165.44
17,40,152.26
17,41,159.58
17,42,167.95
17,43,157.49
17,44,163.76
17,45,157.49
17,46,152.26
17,47,150.17
17,48,161.67
17,49,168.99
17,50,160.63
17,51,154.34
17,52,150.17
17,53,166.90
17,54,192.00
17,55,187.82
17,56,182.59
17,57,179.45
17,58,200.38
17,59,190.96
17,60,nan
17,61,nan
17,62,nan
17,63,nan
17,64,nan
17,65,nan
17,66,nan
17,67,nan
17,68,nan
17,69,nan
17,70,nan
17,71,nan
17,72,nan
17,73,nan
17,74,nan
17,75,nan
17,76,nan
17,77,nan
17,78,nan
17,79,nan
18,0,nan
18,1,nan
18,2,nan
18,3,nan
18,4,nan
18,5,nan
18,6,nan
18,7,nan
18,8,nan
18,9,nan
18,10,nan
18,11,nan
18,12,nan
18,13,nan
18,14,nan
18,15,nan
18,16,nan
18,17,nan
18,18,nan
18,19,nan
18,20,170.63
18,21,181.85
18,22,169.76
18,23,158.54
18,24,136.08
18,25,150.76
18,26,155.08
18,27,168.04
18,28,145.58
18,29,168.90
18,30,158.54
18,31,164.58
18,32,162.85
18,33,159.40
18,34,173.22
18,35,155.95
18,36,159.40
18,37,162.85
18,38,153.35
18,39,174.08
18,40,162.72
18,41,163.76
18,42,161.67
18,43,150.17
18,44,162.72
18,45,162.72
18,46,164.81
18,47,160.63
18,48,137.61
18,49,165.85
18,50,150.17
18,51,147.02
18,52,150.17
18,53,160.63
18,54,168.99
18,55,194.10
18,56,183.64
18,57,185.73
18,58,183.64
18,59,216.06
18,60,nan
18,61,nan
18,62,nan
18,63,nan
18,64,nan
18,65,nan
18,66,nan
18,67,nan
18,68,nan
18,69,nan
18,70,nan
18,71,nan
18,72,nan
18,73,nan
18,74,nan
18,75,nan
18,76,nan
18,77,nan
18,78,nan
18,79,nan
19,0,nan
19,1,nan
19,2,nan
19,3,nan
19,4,nan
19,5,nan
19,6,nan
19,7,nan
19,8,nan
19,9,nan
19,10,nan
19,11,nan
19,12,nan
19,13,nan
19,14,nan
19,15,nan
19,16,nan
19,17,nan
19,18,nan
19,19,nan
19,20,155.08
19,21,159.40
19,22,149.04
19,23,149.04
19,24,158.54
19,25,159.40
19,26,156.81
19,27,162.85
19,28,149.90
19,29,128.31
19,30,154.22
19,31,152.49
19,32,155.95
19,33,159.40
19,34,155.95
19,35,160.26
19,36,159.40
19,37,159.40
19,38,172.35
19,39,149.90
19,40,174.22
19,41,164.81
19,42,153.30
19,43,165.85
19,44,166.90
19,45,172.13
19,46,159.58
19,47,150.17
19,48,162.72
19,49,153.30
19,50,153.30
19,51,151.21
19,52,164.81
19,53,130.29
19,54,174.22
19,55,180.50
19,56,200.38
19,57,190.96
19,58,188.87
19,59,194.10
19,60,nan
19,61,nan
19,62,nan
19,63,nan
19,64,nan
19,65,nan
19,66,nan
19,67,nan
19,68,nan
19,69,nan
19,70,nan
19,71,nan
19,72,nan
19,73,nan
19,74,nan
19,75,nan
19,76,nan
19,77,nan
19,78,nan
19,79,nan
20,0,185.57
20,1,162.18
20,2,174.57
20,3,182.82
20,4,192.45
20,5,203.46
20,6,204.83
20,7,218.59
20,8,170.44
20,9,219.96
20,10,202.08
20,11,195.20
20,12,188.32
20,13,188.32
20,14,180.07
20,15,195.20
20,16,192.45
20,17,189.70
20,18,175.94
20,19,169.06
20,20,150.55
20,21,172.59
20,22,145.66
20,23,178.30
20,24,135.86
20,25,137.49
20,26,188.09
20,27,144.84
20,28,171.77
20,29,132.60
20,30,170.95
20,31,144.84
20,32,161.98
20,33,177.48
20,34,143.21
20,35,182.38
20,36,144.84
20,37,187.28
20,38,158.71
20,39,184.83
20,40,170.71
20,41,170.71
20,42,158.85
20,43,189.15
20,44,161.49
20,45,170.71
20,46,102.20
20,47,165.44
20,48,146.99
20,49,181.24
20,50,150.94
20,51,60.05
20,52,170.71
20,53,158.85
20,54,168.07
20,55,222.08
20,56,175.97
20,57,178.61
20,58,173.33
20,59,178.61
20,60,168.63
20,61,206.96
20,62,222.61
20,63,231.99
20,64,223.39
20,65,257.03
20,66,264.07
20,67,242.94
20,68,244.51
20,69,224.17
20,70,230.43
20,71,238.25
20,72,187.40
20,73,204.61
20,74,185.84
20,75,168.63
20,76,170.97
20,77,160.02
20,78,180.36
20,79,159.24
21,0,197.96
21,1,191.08
21,2,206.21
21,3,184.20
21,4,200.71
21,5,195.20
21,6,163.56
21,7,166.31
21,8,204.83
21,9,199.33
21,10,217.21
21,11,211.71
21,12,181.44
21,13,185.57
21,14,197.96
21,15,181.44
21,16,186.95
21,17,186.95
21,18,175.94
21,19,173.19
21,20,191.36
21,21,157.90
21,22,173.40
21,23,169.32
21,24,161.16
21,25,192.99
21,26,177.48
21,27,175.03
21,28,161.98
21,29,180.75
21,30,168.51
21,31,144.02
21,32,161.98
21,33,181.56
21,34,210.13
21,35,184.83
21,36,222.37
21,37,162.79
21,38,187.28
21,39,191.36
21,40,158.85
21,41,149.63
21,42,170.71
21,43,203.64
21,44,183.88
21,45,168.07
21,46,69.27
21,47,179.93
21,48,160.16
21,49,207.59
21,50,170.71
21,51,61.36
21,52,223.40
21,53,178.61
21,54,201.00
21,55,157.53
21,56,210.22
21,57,181.24
21,58,212.86
21,59,181.24
21,60,187.40
21,61,217.91
21,62,252.33
21,63,260.15
21,64,259.37
21,65,214.00
21,66,216.35
21,67,236.69
21,68,239.82
21,69,226.52
21,70,221.04
21,71,235.12
21,72,195.23
21,73,199.92
21,74,188.18
21,75,179.58
21,76,164.72
21,77,164.72
21,78,173.32
21,79,206.96
22,0,166.31
22,1,184.20
22,2,173.19
22,3,186.95
22,4,171.81
22,5,203.46
22,6,197.96
22,7,181.44
22,8,195.20
22,9,203.46
22,10,206.21
22,11,195.20
22,12,171.81
22,13,185.57
22,14,191.08
22,15,163.56
22,16,162.18
22,17,177.32
22,18,180.07
22,19,149.81
22,20,158.71
22,21,176.67
22,22,169.32
22,23,153.00
22,24,173.40
22,25,156.26
22,26,193.80
22,27,157.08
22,28,175.85
22,29,137.49
22,30,193.80
22,31,195.44
22,32,185.64
22,33,144.84
22,34,170.14
22,35,163.61
22,36,187.28
22,37,199.52
22,38,169.32
22,39,177.48
22,40,191.78
22,41,173.33
22,42,216.82
22,43,189.15
22,44,193.10
22,45,139.08
22,46,204.96
22,47,189.15
22,48,202.32
22,49,189.15
22,50,89.02
22,51,195.74
22,52,216.82
22,53,157.53
22,54,175.97
22,55,193.10
22,56,170.71
22,57,168.07
22,58,168.07
22,59,168.07
22,60,228.86
22,61,221.82
22,62,215.56
22,63,237.47
22,64,238.54
22,65,228.08
22,66,231.99
22,67,228.08
22,68,230.43
22,69,235.12
22,70,221.82
22,71,217.13
22,72,209.31
22,73,189.75
22,74,180.36
22,75,171.76
22,76,154.55
22,77,163.93
22,78,182.71
22,79,188.97
23,0,181.44
23,1,193.83
23,2,180.07
23,3,178.69
23,4,177.32
23,5,186.95
23,6,180.07
23,7,210.34
23,8,167.69
23,9,196.58
23,10,182.82
23,11,164.93
23,12,173.19
23,13,167.69
23,14,159.43
23,15,175.94
23,16,169.06
23,17,191.08
23,18,173.19
23,19,147.06
23,20,161.16
23,21,184.83
23,22,157.90
23,23,148.92
23,24,189.72
23,25,154.63
23,26,189.72
23,27,163.61
23,28,184.01
23,29,178.30
23,30,189.72
23,31,225.63
23,32,201.15
23,33,188.91
23,34,190.54
23,35,205.23
23,36,191.36
23,37,221.55
23,38,191.36
23,39,198.70
23,40,161.49
23,41,174.66
23,42,198.37
23,43,177.29
23,44,183.88
23,45,194.41
23,46,187.83
23,47,190.95
23,48,179.93
23,49,195.74
23,50,197.05
23,51,201.00
23,52,174.66
23,53,175.97
23,54,162.80
23,55,183.88
23,56,194.41
23,57,183.88
23,58,202.32
23,59,197.05
23,60,228.86
23,61,238.25
23,62,201.48
23,63,213.22
23,64,249.20
23,65,246.86
23,66,203.05
23,67,206.18
23,68,218.69
23,69,199.92
23,70,226.52
23,71,202.27
23,72,176.45
23,73,201.48
23,74,187.40
23,75,168.63
23,76,175.67
23,77,165.50
23,78,170.97
23,79,198.35
24,0,185.57
24,1,180.07
24,2,195.20
24,3,180.07
24,4,195.20
24,5,207.59
24,6,211.71
24,7,207.59
24,8,173.19
24,9,213.09
24,10,181.44
24,11,158.06
24,12,167.69
24,13,181.44
24,14,181.44
24,15,171.81
24,16,167.69
24,17,174.57
24,18,164.93
24,19,166.31
24,20,201.15
24,21,164.43
24,22,188.09
24,23,157.08
24,24,164.43
24,25,157.08
24,26,186.46
24,27,165.24
24,28,162.79
24,29,210.94
24,30,168.51
24,31,167.69
24,32,175.85
24,33,166.87
24,34,195.44
24,35,219.92
24,36,179.93
24,37,204.41
24,38,192.17
24,39,250.93
24,40,202.32
24,41,229.99
24,42,198.37
24,43,210.22
24,44,194.41
24,45,208.91
24,46,152.26
24,47,189.15
24,48,222.08
24,49,222.08
24,50,185.19
24,51,222.08
24,52,189.15
24,53,187.83
24,54,177.29
24,55,177.29
24,56,201.00
24,57,218.13
24,58,190.46
24,59,197.05
24,60,222.61
24,61,216.35
24,62,213.22
24,63,212.44
24,64,228.86
24,65,227.30
24,66,213.80
24,67,197.57
24,68,188.97
24,69,178.80
24,70,193.66
24,71,191.31
24,72,199.92
24,73,196.79
24,74,191.31
24,75,175.67
24,76,173.32
24,77,161.59
24,78,170.19
24,79,199.92
25,0,173.19
25,1,158.06
25,2,173.19
25,3,197.96
25,4,196.58
25,5,224.09
25,6,189.70
25,7,195.20
25,8,181.44
25,9,163.56
25,10,199.33
25,11,170.44
25,12,175.94
25,13,189.70
25,14,184.20
25,15,151.18
25,16,164.93
25,17,164.93
25,18,174.57
25,19,162.18
25,20,181.56
25,21,172.59
25,22,175.03
25,23,168.51
25,24,162.79
25,25,164.43
25,26,156.26
25,27,149.74
25,28,148.92
25,29,189.72
25,30,217.47
25,31,223.18
25,32,173.40
25,33,197.88
25,34,188.91
25,35,227.26
25,36,194.62
25,37,177.48
25,38,221.55
25,39,208.49
25,40,182.56
25,41,202.32
25,42,201.00
25,43,214.18
25,44,208.74
25,45,212.86
25,46,231.30
25,47,206.27
25,48,199.69
25,49,208.91
25,50,153.58
25,51,132.50
25,52,177.29
25,53,149.63
25,54,211.54
25,55,191.78
25,56,186.51
25,57,191.78
25,58,201.00
25,59,210.22
25,60,232.77
25,61,199.14
25,62,217.13
25,63,214.78
25,64,186.62
25,65,215.56
25,66,204.61
25,67,209.31
25,68,210.87
25,69,193.66
25,70,188.18
25,71,152.20
25,72,166.28
25,73,178.80
25,74,185.06
25,75,178.80
25,76,177.23
25,77,167.06
25,78,171.76
25,79,190.53
26,0,193.83
26,1,191.08
26,2,192.45
26,3,170.44
26,4,192.45
26,5,195.20
26,6,200.71
26,7,174.57
26,8,204.83
26,9,200.71
26,10,181.44
26,11,175.94
26,12,169.06
26,13,171.81
26,14,164.93
26,15,188.32
26,16,177.32
26,17,184.20
26,18,191.08
26,19,180.07
26,20,174.22
26,21,181.56
26,22,159.53
26,23,206.05
26,24,210.13
26,25,212.57
26,26,220.74
26,27,215.84
26,28,185.64
26,29,228.90
26,30,197.07
26,31,254.19
26,32,229.71
26,33,220.74
26,34,200.33
26,35,215.84
26,36,201.15
26,37,200.33
26,38,236.24
26,39,255.83
26,40,201.00
26,41,224.72
26,42,215.49
26,43,218.13
26,44,202.32
26,45,208.91
26,46,214.18
26,47,207.59
26,48,207.59
26,49,206.27
26,50,191.78
26,51,208.91
26,52,191.78
26,53,224.72
26,54,208.91
26,55,210.22
26,56,214.18
26,57,197.05
26,58,201.00
26,59,202.32
26,60,212.44
26,61,194.44
26,62,190.53
26,63,217.91
26,64,210.87
26,65,214.78
26,66,218.69
26,67,199.92
26,68,198.35
26,69,184.27
26,70,188.97
26,71,181.93
26,72,192.88
26,73,178.02
26,74,178.02
26,75,180.36
26,76,177.23
26,77,163.15
26,78,185.06
26,79,193.66
27,0,181.44
27,1,166.31
27,2,193.83
27,3,177.32
27,4,207.59
27,5,193.83
27,6,185.57
27,7,170.44
27,8,163.56
27,9,185.57
27,10,173.19
27,11,177.32
27,12,170.44
27,13,170.44
27,14,199.33
27,15,153.93
27,16,185.57
27,17,163.56
27,18,189.70
27,19,177.32
27,20,199.52
27,21,197.88
27,22,189.72
27,23,181.56
27,24,192.17
27,25,201.97
27,26,200.33
27,27,187.28
27,28,209.31
27,29,234.61
27,30,201.97
27,31,224.00
27,32,199.52
27,33,222.37
27,34,274.60
27,35,268.07
27,36,184.01
27,37,196.25
27,38,196.25
27,39,179.11
27,40,204.96
27,41,206.27
27,42,175.97
27,43,179.93
27,44,182.56
27,45,182.56
27,46,187.83
27,47,191.78
27,48,161.49
27,49,166.75
27,50,165.44
27,51,166.75
27,52,174.66
27,53,191.78
27,54,178.61
27,55,227.35
27,56,191.78
27,57,215.49
27,58,206.27
27,59,183.88
27,60,215.56
27,61,220.26
27,62,178.80
27,63,206.18
27,64,198.35
27,65,221.04
27,66,200.70
27,67,197.57
27,68,187.40
27,69,175.67
27,70,185.06
27,71,181.14
27,72,185.06
27,73,183.49
27,74,176.45
27,75,168.63
27,76,169.41
27,77,178.02
27,78,173.32
27,79,185.06
28,0,159.43
28,1,178.69
28,2,167.69
28,3,186.95
28,4,185.57
28,5,162.18
28,6,189.70
28,7,178.69
28,8,186.95
28,9,192.45
28,10,169.06
28,11,189.70
28,12,166.31
28,13,167.69
28,14,170.44
28,15,192.45
28,16,200.71
28,17,188.32
28,18,174.57
28,19,186.95
28,20,216.65
28,21,218.29
28,22,193.80
28,23,204.41
28,24,224.00
28,25,206.05
28,26,210.94
28,27,226.45
28,28,199.52
28,29,238.69
28,30,246.03
28,31,210.13
28,32,225.63
28,33,210.13
28,34,218.29
28,35,237.06
28,36,212.57
28,37,188.09
28,38,197.88
28,39,164.43
28,40,175.97
28,41,172.02
28,42,179.93
28,43,164.11
28,44,179.93
28,45,183.88
28,46,165.44
28,47,181.24
28,48,174.66
28,49,173.33
28,50,164.11
28,51,194.41
28,52,153.58
28,53,166.75
28,54,169.38
28,55,220.77
28,56,219.44
28,57,199.69
28,58,226.03
28,59,198.37
28,60,219.48
28,61,194.44
28,62,210.87
28,63,195.23
28,64,172.54
28,65,205.40
28,66,196.79
28,67,207.74
28,68,177.23
28,69,167.85
28,70,174.10
28,71,178.02
28,72,174.89
28,73,186.62
28,74,165.50
28,75,174.89
28,76,156.11
28,77,174.10
28,78,193.66
28,79,188.18
29,0,202.08
29,1,189.70
29,2,169.06
29,3,175.94
29,4,170.44
29,5,195.20
29,6,181.44
29,7,160.81
29,8,181.44
29,9,169.06
29,10,192.45
29,11,185.57
29,12,202.08
29,13,210.34
29,14,175.94
29,15,199.33
29,16,200.71
29,17,186.95
29,18,189.70
29,19,200.71
29,20,187.28
29,21,250.11
29,22,217.47
29,23,226.45
29,24,200.33
29,25,211.76
29,26,220.74
29,27,198.70
29,28,228.90
29,29,217.47
29,30,208.49
29,31,205.23
29,32,209.31
29,33,197.88
29,34,210.94
29,35,190.54
29,36,157.08
29,37,156.26
29,38,179.11
29,39,184.83
29,40,183.88
29,41,169.38
29,42,166.75
29,43,146.99
29,44,153.58
29,45,185.19
29,46,169.38
29,47,154.89
29,48,158.85
29,49,166.75
29,50,168.07
29,51,194.41
29,52,145.67
29,53,173.33
29,54,173.33
29,55,206.27
29,56,186.51
29,57,179.93
29,58,211.54
29,59,185.19
29,60,241.38
29,61,198.35
29,62,233.56
29,63,199.14
29,64,210.09
29,65,214.78
29,66,192.10
29,67,196.01
29,68,173.32
29,69,181.14
29,70,170.97
29,71,190.53
29,72,190.53
29,73,187.40
29,74,178.02
29,75,175.67
29,76,172.54
29,77,175.67
29,78,182.71
29,79,187.40
30,0,204.83
30,1,171.81
30,2,152.56
30,3,195.20
30,4,169.06
30,5,185.57
30,6,111.29
30,7,169.06
30,8,151.18
30,9,206.21
30,10,204.83
30,11,222.71
30,12,206.21
30,13,202.08
30,14,174.57
30,15,204.83
30,16,171.81
30,17,166.31
30,18,142.93
30,19,160.81
30,20,244.40
30,21,214.21
30,22,230.53
30,23,209.31
30,24,218.29
30,25,197.88
30,26,197.88
30,27,187.28
30,28,219.10
30,29,192.99
30,30,162.79
30,31,177.48
30,32,199.52
30,33,200.33
30,34,180.75
30,35,133.41
30,36,132.60
30,37,159.53
30,38,153.00
30,39,152.18
30,40,154.89
30,41,154.89
30,42,153.58
30,43,154.89
30,44,152.26
30,45,156.21
30,46,149.63
30,47,148.31
30,48,153.58
30,49,158.85
30,50,150.94
30,51,156.21
30,52,161.49
30,53,168.07
30,54,154.89
30,55,166.75
30,56,195.74
30,57,182.56
30,58,198.37
30,59,194.41
30,60,237.47
30,61,210.87
30,62,203.83
30,63,196.79
30,64,183.49
30,65,195.23
30,66,172.54
30,67,186.62
30,68,178.02
30,69,169.41
30,70,185.84
30,71,188.97
30,72,183.49
30,73,174.10
30,74,181.14
30,75,173.32
30,76,171.76
30,77,171.76
30,78,169.41
30,79,192.10
31,0,192.45
31,1,185.57
31,2,140.18
31,3,152.56
31,4,174.57
31,5,171.81
31,6,151.18
31,7,144.31
31,8,174.57
31,9,204.83
31,10,197.96
31,11,191.08
31,12,141.55
31,13,167.69
31,14,200.71
31,15,185.57
31,16,210.34
31,17,199.33
31,18,189.70
31,19,224.09
31,20,192.99
31,21,181.56
31,22,193.80
31,23,206.86
31,24,219.10
31,25,198.70
31,26,214.21
31,27,195.44
31,28,201.15
31,29,145.66
31,30,183.20
31,31,191.36
31,32,173.40
31,33,136.68
31,34,156.26
31,35,157.90
31,36,123.62
31,37,144.84
31,38,138.31
31,39,153.82
31,40,146.99
31,41,148.31
31,42,141.72
31,43,145.67
31,44,149.63
31,45,160.16
31,46,146.99
31,47,150.94
31,48,152.26
31,49,162.80
31,50,148.31
31,51,162.80
31,52,174.66
31,53,153.58
31,54,160.16
31,55,178.61
31,56,174.66
31,57,198.37
31,58,187.83
31,59,189.15
31,60,231.21
31,61,228.86
31,62,215.56
31,63,181.14
31,64,193.66
31,65,192.88
31,66,172.54
31,67,187.40
31,68,178.80
31,69,171.76
31,70,174.10
31,71,172.54
31,72,185.06
31,73,191.31
31,74,188.18
31,75,178.80
31,76,160.81
31,77,144.38
31,78,174.10
31,79,160.81
32,0,180.07
32,1,185.57
32,2,185.57
32,3,129.17
32,4,155.31
32,5,148.43
32,6,188.32
32,7,170.44
32,8,164.93
32,9,224.09
32,10,158.06
32,11,163.56
32,12,224.09
32,13,204.83
32,14,166.31
32,15,188.32
32,16,202.08
32,17,195.20
32,18,207.59
32,19,214.46
32,20,218.29
32,21,188.91
32,22,200.33
32,23,199.52
32,24,165.24
32,25,184.83
32,26,196.25
32,27,171.77
32,28,177.48
32,29,167.69
32,30,167.69
32,31,161.98
32,32,144.02
32,33,121.17
32,34,154.63
32,35,153.82
32,36,152.18
32,37,140.76
32,38,150.55
32,39,184.01
32,40,152.26
32,41,143.04
32,42,148.31
32,43,162.80
32,44,154.89
32,45,164.11
32,46,161.49
32,47,156.21
32,48,169.38
32,49,150.94
32,50,160.16
32,51,177.29
32,52,164.11
32,53,160.16
32,54,157.53
32,55,198.37
32,56,203.64
32,57,216.82
32,58,197.05
32,59,201.00
32,60,227.30
32,61,175.67
32,62,192.88
32,63,192.10
32,64,191.31
32,65,201.48
32,66,181.93
32,67,171.76
32,68,196.79
32,69,178.02
32,70,176.45
32,71,179.58
32,72,169.41
32,73,188.18
32,74,195.23
32,75,178.80
32,76,179.58
32,77,177.23
32,78,183.49
32,79,199.14
33,0,195.20
33,1,156.68
33,2,152.56
33,3,170.44
33,4,167.69
33,5,178.69
33,6,197.96
33,7,186.95
33,8,197.96
33,9,173.19
33,10,177.32
33,11,215.84
33,12,186.95
33,13,221.34
33,14,182.82
33,15,181.44
33,16,202.08
33,17,185.57
33,18,182.82
33,19,192.45
33,20,219.10
33,21,216.65
33,22,210.94
33,23,184.01
33,24,192.99
33,25,176.67
33,26,157.08
33,27,166.06
33,28,131.78
33,29,141.57
33,30,130.97
33,31,164.43
33,32,146.47
33,33,149.74
33,34,172.59
33,35,156.26
33,36,149.74
33,37,122.81
33,38,181.56
33,39,153.00
33,40,152.26
33,41,162.80
33,42,172.02
33,43,158.85
33,44,161.49
33,45,156.21
33,46,164.11
33,47,152.26
33,48,166.75
33,49,157.53
33,50,169.38
33,51,175.97
33,52,166.75
33,53,158.85
33,54,181.24
33,55,173.33
33,56,195.74
33,57,208.91
33,58,220.77
33,59,227.35
33,60,241.38
33,61,230.43
33,62,228.08
33,63,206.96
33,64,196.01
33,65,171.76
33,66,149.07
33,67,170.97
33,68,176.45
33,69,178.80
33,70,174.89
33,71,155.33
33,72,160.81
33,73,174.89
33,74,170.97
33,75,173.32
33,76,172.54
33,77,176.45
33,78,180.36
33,79,172.54
34,0,197.96
34,1,149.81
34,2,155.31
34,3,163.56
34,4,192.45
34,5,158.06
34,6,203.46
34,7,177.32
34,8,169.06
34,9,196.58
34,10,173.19
34,11,206.21
34,12,210.34
34,13,197.96
34,14,196.58
34,15,184.20
34,16,180.07
34,17,181.44
34,18,193.83
34,19,184.20
34,20,233.79
34,21,174.22
34,22,190.54
34,23,171.77
34,24,193.80
34,25,160.34
34,26,127.70
34,27,166.06
34,28,117.91
34,29,132.60
34,30,147.29
34,31,151.37
34,32,158.71
34,33,152.18
34,34,157.08
34,35,172.59
34,36,163.61
34,37,159.53
34,38,163.61
34,39,139.13
34,40,190.29
34,41,185.19
34,42,170.71
34,43,168.07
34,44,173.33
34,45,157.53
34,46,149.63
34,47,153.58
34,48,172.02
34,49,173.33
34,50,153.58
34,51,154.89
34,52,170.71
34,53,157.53
34,54,158.85
34,55,178.61
34,56,165.44
34,57,191.78
34,58,212.86
34,59,215.49
34,60,228.86
34,61,223.39
34,62,211.85
34,63,198.35
34,64,186.62
34,65,192.10
34,66,175.67
34,67,188.18
34,68,174.10
34,69,165.50
34,70,156.11
34,71,170.19
34,72,156.11
34,73,167.06
34,74,163.15
34,75,156.11
34,76,145.16
34,77,169.41
34,78,174.89
34,79,141.25
35,0,181.44
35,1,177.32
35,2,199.33
35,3,192.45
35,4,195.20
35,5,171.81
35,6,153.93
35,7,188.32
35,8,166.31
35,9,181.44
35,10,180.07
35,11,191.08
35,12,192.45
35,13,164.93
35,14,188.32
35,15,181.44
35,16,155.31
35,17,166.31
35,18,160.81
35,19,208.96
35,20,150.55
35,21,158.71
35,22,148.10
35,23,158.71
35,24,157.08
35,25,161.98
35,26,166.06
35,27,148.10
35,28,140.76
35,29,140.76
35,30,155.45
35,31,146.47
35,32,158.71
35,33,145.66
35,34,202.78
35,35,179.11
35,36,163.61
35,37,163.61
35,38,153.82
35,39,148.10
35,40,177.29
35,41,201.00
35,42,199.69
35,43,186.51
35,44,206.27
35,45,175.97
35,46,152.26
35,47,160.16
35,48,174.66
35,49,170.71
35,50,158.85
35,51,160.16
35,52,154.89
35,53,168.07
35,54,154.89
35,55,165.44
35,56,181.24
35,57,199.69
35,58,219.44
35,59,207.59
35,60,185.06
35,61,196.79
35,62,211.65
35,63,199.14
35,64,178.02
35,65,173.32
35,66,163.93
35,67,167.06
35,68,167.85
35,69,173.32
35,70,165.50
35,71,170.97
35,72,162.37
35,73,175.67
35,74,165.50
35,75,157.68
35,76,162.37
35,77,149.85
35,78,163.93
35,79,185.84
36,0,155.31
36,1,152.56
36,2,199.33
36,3,188.32
36,4,156.68
36,5,199.33
36,6,230.97
36,7,167.69
36,8,170.44
36,9,207.59
36,10,200.71
36,11,155.31
36,12,112.66
36,13,173.19
36,14,188.32
36,15,153.93
36,16,169.06
36,17,137.43
36,18,174.57
36,19,181.44
36,20,138.31
36,21,157.08
36,22,153.00
36,23,137.49
36,24,151.37
36,25,174.22
36,26,139.94
36,27,149.74
36,28,145.66
36,29,155.45
36,30,144.84
36,31,144.84
36,32,154.63
36,33,190.54
36,34,172.59
36,35,170.14
36,36,154.63
36,37,157.08
36,38,186.46
36,39,175.85
36,40,152.26
36,41,198.37
36,42,202.32
36,43,187.83
36,44,191.78
36,45,173.33
36,46,166.75
36,47,190.46
36,48,168.07
36,49,165.44
36,50,164.11
36,51,174.66
36,52,161.49
36,53,169.38
36,54,172.02
36,55,191.78
36,56,179.93
36,57,179.93
36,58,218.13
36,59,239.21
36,60,233.56
36,61,228.86
36,62,174.89
36,63,167.06
36,64,157.68
36,65,170.19
36,66,171.76
36,67,163.93
36,68,152.98
36,69,139.68
36,70,155.33
36,71,156.89
36,72,168.63
36,73,169.41
36,74,161.59
36,75,146.72
36,76,156.89
36,77,161.59
36,78,167.06
36,79,174.89
37,0,158.06
37,1,189.70
37,2,144.31
37,3,170.44
37,4,153.93
37,5,156.68
37,6,203.46
37,7,214.46
37,8,170.44
37,9,200.71
37,10,199.33
37,11,151.18
37,12,163.56
37,13,147.06
37,14,170.44
37,15,137.43
37,16,137.43
37,17,127.80
37,18,151.18
37,19,164.93
37,20,158.71
37,21,164.43
37,22,145.66
37,23,139.13
37,24,130.97
37,25,175.85
37,26,153.82
37,27,145.66
37,28,156.26
37,29,136.68
37,30,117.91
37,31,147.29
37,32,206.05
37,33,160.34
37,34,235.42
37,35,157.08
37,36,228.90
37,37,220.74
37,38,194.62
37,39,224.00
37,40,107.47
37,41,143.04
37,42,166.75
37,43,181.24
37,44,168.07
37,45,170.71
37,46,182.56
37,47,131.18
37,48,178.61
37,49,173.33
37,50,164.77
37,51,160.16
37,52,177.29
37,53,173.33
37,54,172.02
37,55,202.32
37,56,192.77
37,57,222.08
37,58,231.30
37,59,244.47
37,60,216.35
37,61,223.39
37,62,209.31
37,63,185.06
37,64,163.15
37,65,178.02
37,66,174.10
37,67,150.64
37,68,149.07
37,69,175.67
37,70,139.68
37,71,168.63
37,72,174.89
37,73,170.97
37,74,165.50
37,75,135.77
37,76,138.12
37,77,154.55
37,78,159.71
37,79,190.53
38,0,206.21
38,1,197.96
38,2,159.43
38,3,169.06
38,4,189.70
38,5,166.31
38,6,218.59
38,7,160.81
38,8,160.81
38,9,214.46
38,10,193.83
38,11,184.20
38,12,164.93
38,13,131.92
38,14,137.43
38,15,147.06
38,16,152.56
38,17,148.43
38,18,156.68
38,19,158.06
38,20,157.90
38,21,154.63
38,22,127.70
38,23,148.92
38,24,127.70
38,25,170.95
38,26,163.61
38,27,139.13
38,28,128.52
38,29,175.85
38,30,157.08
38,31,182.38
38,32,162.79
38,33,190.54
38,34,225.63
38,35,155.45
38,36,158.71
38,37,181.56
38,38,214.21
38,39,255.83
38,40,237.89
38,41,215.49
38,42,164.11
38,43,179.93
38,44,165.44
38,45,172.02
38,46,202.32
38,47,190.46
38,48,191.78
38,49,161.49
38,50,158.85
38,51,160.16
38,52,165.44
38,53,172.02
38,54,212.86
38,55,198.37
38,56,198.85
38,57,224.72
38,58,226.52
38,59,212.86
38,60,215.56
38,61,185.06
38,62,196.79
38,63,206.18
38,64,183.49
38,65,178.02
38,66,179.58
38,67,170.97
38,68,145.16
38,69,156.89
38,70,155.33
38,71,136.55
38,72,150.64
38,73,147.51
38,74,148.29
38,75,145.16
38,76,146.72
38,77,151.42
38,78,163.93
38,79,165.50
39,0,166.31
39,1,200.71
39,2,181.44
39,3,181.44
39,4,189.70
39,5,177.32
39,6,151.18
39,7,173.19
39,8,148.43
39,9,180.07
39,10,153.93
39,11,153.93
39,12,160.81
39,13,166.31
39,14,141.55
39,15,125.04
39,16,160.81
39,17,141.55
39,18,147.06
39,19,173.19
39,20,128.52
39,21,120.36
39,22,132.60
39,23,118.72
39,24,130.97
39,25,134.23
39,26,150.55
39,27,136.68
39,28,139.94
39,29,148.92
39,30,139.13
39,31,135.86
39,32,153.82
39,33,154.63
39,34,161.16
39,35,137.49
39,36,168.51
39,37,190.54
39,38,232.16
39,39,259.91
39,40,211.54
39,41,198.37
39,42,165.44
39,43,177.29
39,44,174.66
39,45,186.51
39,46,189.63
39,47,220.77
39,48,193.10
39,49,201.00
39,50,183.22
39,51,185.19
39,52,177.29
39,53,178.61
39,54,182.56
39,55,191.78
39,56,229.99
39,57,228.67
39,58,231.30
39,59,216.82
39,60,219.48
39,61,181.14
39,62,202.27
39,63,181.14
39,64,176.45
39,65,161.59
39,66,166.28
39,67,160.02
39,68,149.07
39,69,138.12
39,70,156.89
39,71,138.12
39,72,162.37
39,73,152.20
39,74,149.07
39,75,142.81
39,76,137.34
39,77,148.29
39,78,149.85
39,79,153.76
40,0,167.00
40,1,156.75
40,2,162.60
40,3,147.95
40,4,168.47
40,5,143.57
40,6,175.79
40,7,186.04
40,8,159.67
40,9,137.70
40,10,164.07
40,11,159.67
40,12,152.35
40,13,146.49
40,14,147.95
40,15,146.49
40,16,168.47
40,17,171.40
40,18,146.49
40,19,152.35
40,20,132.62
40,21,129.89
40,22,127.15
40,23,127.15
40,24,114.84
40,25,117.57
40,26,117.57
40,27,132.62
40,28,118.94
40,29,127.15
40,30,127.15
40,31,125.78
40,32,86.12
40,33,47.83
40,34,69.72
40,35,173.65
40,36,158.61
40,37,147.67
40,38,242.03
40,39,252.97
40,40,201.63
40,41,188.65
40,42,117.89
40,43,141.48
40,44,152.09
40,45,166.25
40,46,136.76
40,47,158.00
40,48,165.06
40,49,163.89
40,50,163.89
40,51,181.58
40,52,152.09
40,53,162.71
40,54,139.12
40,55,161.53
40,56,199.27
40,57,219.32
40,58,191.01
40,59,188.65
40,60,225.59
40,61,208.15
40,62,204.48
40,63,183.37
40,64,190.71
40,65,177.87
40,66,168.68
40,67,179.70
40,68,163.17
40,69,154.92
40,70,152.16
40,71,155.83
40,72,142.07
40,73,143.89
40,74,148.49
40,75,140.23
40,76,129.21
40,77,131.05
40,78,149.40
40,79,166.84
41,0,156.75
41,1,158.21
41,2,158.21
41,3,188.97
41,4,140.63
41,5,178.72
41,6,187.51
41,7,181.65
41,8,152.35
41,9,150.88
41,10,155.28
41,11,158.21
41,12,169.93
41,13,134.77
41,14,149.41
41,15,147.95
41,16,168.47
41,17,153.81
41,18,140.63
41,19,167.00
41,20,142.20
41,21,128.52
41,22,139.46
41,23,129.89
41,24,153.14
41,25,140.83
41,26,117.57
41,27,125.78
41,28,116.22
41,29,149.03
41,30,139.46
41,31,131.25
41,32,146.30
41,33,158.61
41,34,150.40
41,35,172.28
41,36,162.70
41,37,194.16
41,38,168.18
41,39,210.57
41,40,174.50
41,41,199.27
41,42,153.27
41,43,122.62
41,44,100.20
41,45,185.11
41,46,143.84
41,47,143.84
41,48,150.92
41,49,199.27
41,50,179.22
41,51,155.63
41,52,175.69
41,53,187.47
41,54,154.45
41,55,198.08
41,56,214.60
41,57,188.65
41,58,195.73
41,59,160.36
41,60,204.48
41,61,194.38
41,62,190.71
41,63,185.20
41,64,184.28
41,65,184.28
41,66,176.03
41,67,173.27
41,68,140.23
41,69,169.60
41,70,148.49
41,71,140.23
41,72,137.48
41,73,141.15
41,74,145.73
41,75,120.04
41,76,139.31
41,77,142.98
41,78,130.13
41,79,181.53
42,0,159.67
42,1,180.19
42,2,181.65
42,3,146.49
42,4,128.91
42,5,164.07
42,6,168.47
42,7,143.57
42,8,161.14
42,9,127.45
42,10,131.84
42,11,165.53
42,12,155.28
42,13,140.63
42,14,162.60
42,15,124.51
42,16,153.81
42,17,167.00
42,18,161.14
42,19,149.41
42,20,139.46
42,21,129.89
42,22,154.51
42,23,140.83
42,24,136.72
42,25,149.03
42,26,124.41
42,27,124.41
42,28,121.68
42,29,125.78
42,30,139.46
42,31,146.30
42,32,147.67
42,33,147.67
42,34,153.14
42,35,165.44
42,36,151.77
42,37,175.01
42,38,146.30
42,39,128.52
42,40,187.47
42,41,139.12
42,42,155.63
42,43,161.53
42,44,170.96
42,45,155.63
42,46,167.42
42,47,175.69
42,48,159.17
42,49,176.86
42,50,153.27
42,51,175.69
42,52,192.19
42,53,169.78
42,54,219.32
42,55,123.79
42,56,145.03
42,57,215.77
42,58,168.60
42,59,191.01
42,60,205.40
42,61,189.79
42,62,171.43
42,63,157.66
42,64,170.51
42,65,160.43
42,66,167.77
42,67,159.50
42,68,166.84
42,69,154.92
42,70,144.82
42,71,155.83
42,72,147.57
42,73,152.16
42,74,138.39
42,75,133.80
42,76,149.40
42,77,138.39
42,78,154.00
42,79,161.33
43,0,158.21
43,1,162.60
43,2,155.28
43,3,202.17
43,4,171.40
43,5,177.26
43,6,165.53
43,7,152.35
43,8,156.75
43,9,167.00
43,10,162.60
43,11,159.67
43,12,175.79
43,13,134.77
43,14,167.00
43,15,125.98
43,16,147.95
43,17,153.81
43,18,142.10
43,19,153.81
43,20,136.72
43,21,131.25
43,22,151.77
43,23,143.56
43,24,144.93
43,25,170.92
43,26,159.98
43,27,132.62
43,28,125.78
43,29,146.30
43,30,154.51
43,31,125.78
43,32,125.78
43,33,158.61
43,34,138.09
43,35,109.38
43,36,131.25
43,37,161.34
43,38,128.52
43,39,138.09
43,40,176.86
43,41,191.01
43,42,182.75
43,43,140.31
43,44,186.29
43,45,188.65
43,46,187.47
43,47,174.50
43,48,181.58
43,49,158.00
43,50,216.97
43,51,172.14
43,52,216.97
43,53,193.37
43,54,208.70
43,55,224.03
43,56,219.32
43,57,227.57
43,58,219.32
43,59,179.22
43,60,181.53
43,61,186.12
43,62,172.35
43,63,172.35
43,64,179.70
43,65,169.60
43,66,161.33
43,67,145.73
43,68,149.40
43,69,146.66
43,70,142.07
43,71,133.80
43,72,147.57
43,73,141.15
43,74,139.31
43,75,135.64
43,76,139.31
43,77,142.98
43,78,138.39
43,79,155.83
44,0,199.23
44,1,200.70
44,2,205.09
44,3,200.70
44,4,155.28
44,5,180.19
44,6,183.12
44,7,184.58
44,8,155.28
44,9,156.75
44,10,149.41
44,11,186.04
44,12,155.28
44,13,159.67
44,14,143.57
44,15,143.57
44,16,159.67
44,17,153.81
44,18,162.60
44,19,158.21
44,20,127.15
44,21,129.89
44,22,133.99
44,23,138.09
44,24,154.51
44,25,140.83
44,26,157.24
44,27,139.46
44,28,123.05
44,29,118.94
44,30,139.46
44,31,133.99
44,32,136.72
44,33,144.93
44,34,128.52
44,35,139.46
44,36,170.92
44,37,195.53
44,38,154.51
44,39,142.20
44,40,187.47
44,41,227.57
44,42,212.24
44,43,264.13
44,44,181.58
44,45,174.50
44,46,218.13
44,47,238.18
44,48,133.23
44,49,215.77
44,50,145.03
44,51,246.44
44,52,241.72
44,53,215.77
44,54,208.70
44,55,238.18
44,56,229.93
44,57,169.78
44,58,213.42
44,59,189.83
44,60,171.43
44,61,188.87
44,62,194.38
44,63,165.93
44,64,179.70
44,65,165.01
44,66,164.10
44,67,169.60
44,68,165.93
44,69,139.31
44,70,152.16
44,71,143.89
44,72,153.07
44,73,146.66
44,74,133.80
44,75,138.39
44,76,130.13
44,77,135.64
44,78,147.57
44,79,155.83
45,0,177.26
45,1,205.09
45,2,164.07
45,3,184.58
45,4,187.51
45,5,183.12
45,6,177.26
45,7,168.47
45,8,175.79
45,9,130.38
45,10,156.75
45,11,162.60
45,12,147.95
45,13,147.95
45,14,153.81
45,15,130.38
45,16,140.63
45,17,162.60
45,18,164.07
45,19,164.07
45,20,133.99
45,21,118.94
45,22,120.32
45,23,129.89
45,24,138.09
45,25,143.56
45,26,154.51
45,27,128.52
45,28,154.51
45,29,131.25
45,30,159.98
45,31,146.30
45,32,170.92
45,33,162.70
45,34,196.90
45,35,218.78
45,36,220.14
45,37,265.27
45,38,224.25
45,39,232.45
45,40,207.52
45,41,222.85
45,42,242.90
45,43,200.44
45,44,168.60
45,45,185.11
45,46,185.11
45,47,214.60
45,48,239.36
45,49,219.32
45,50,169.78
45,51,270.03
45,52,253.52
45,53,219.32
45,54,212.24
45,55,245.26
45,56,201.63
45,57,191.01
45,58,183.94
45,59,186.29
45,60,184.28
45,61,196.22
45,62,170.51
45,63,175.10
45,64,167.77
45,65,177.87
45,66,176.94
45,67,178.78
45,68,157.66
45,69,157.66
45,70,147.57
45,71,162.26
45,72,148.49
45,73,157.66
45,74,142.07
45,75,131.05
45,76,131.96
45,77,134.72
45,78,151.24
45,79,140.23
46,0,177.26
46,1,193.37
46,2,161.14
46,3,177.26
46,4,172.87
46,5,165.53
46,6,137.70
46,7,136.24
46,8,159.67
46,9,167.00
46,10,139.17
46,11,168.47
46,12,168.47
46,13,152.35
46,14,156.75
46,15,137.70
46,16,155.28
46,17,142.10
46,18,130.38
46,19,146.49
46,20,114.84
46,21,150.40
46,22,161.34
46,23,155.86
46,24,169.54
46,25,181.85
46,26,187.32
46,27,121.68
46,28,139.46
46,29,183.22
46,30,228.35
46,31,143.56
46,32,228.35
46,33,247.50
46,34,232.45
46,35,217.41
46,36,229.72
46,37,280.32
46,38,257.08
46,39,185.96
46,40,191.01
46,41,212.24
46,42,186.29
46,43,211.06
46,44,248.80
46,45,176.86
46,46,244.07
46,47,188.65
46,48,274.74
46,49,181.58
46,50,189.83
46,51,200.44
46,52,203.98
46,53,224.03
46,54,159.17
46,55,186.29
46,56,211.06
46,57,167.42
46,58,161.53
46,59,189.83
46,60,209.07
46,61,185.20
46,62,194.38
46,63,179.80
46,64,176.94
46,65,173.27
46,66,171.43
46,67,168.68
46,68,165.93
46,69,153.07
46,70,120.95
46,71,141.15
46,72,135.64
46,73,155.83
46,74,145.73
46,75,140.23
46,76,132.89
46,77,128.30
46,78,134.72
46,79,154.00
47,0,174.32
47,1,191.90
47,2,174.32
47,3,184.58
47,4,158.21
47,5,191.90
47,6,165.53
47,7,167.00
47,8,187.51
47,9,147.95
47,10,146.49
47,11,137.70
47,12,159.67
47,13,147.95
47,14,155.28
47,15,171.40
47,16,156.75
47,17,171.40
47,18,186.04
47,19,218.28
47,20,213.30
47,21,191.43
47,22,220.14
47,23,224.25
47,24,195.53
47,25,184.59
47,26,199.64
47,27,220.14
47,28,188.69
47,29,210.57
47,30,198.27
47,31,183.22
47,32,220.14
47,33,175.01
47,34,187.32
47,35,229.72
47,36,224.25
47,37,252.97
47,38,220.14
47,39,248.87
47,40,149.73
47,41,219.32
47,42,222.85
47,43,240.54
47,44,262.95
47,45,186.29
47,46,201.63
47,47,264.13
47,48,245.26
47,49,219.32
47,50,259.40
47,51,214.60
47,52,212.24
47,53,214.60
47,54,200.44
47,55,186.29
47,56,211.06
47,57,168.60
47,58,173.32
47,59,205.16
47,60,219.17
47,61,186.12
47,62,180.61
47,63,181.53
47,64,191.63
47,65,164.10
47,66,171.43
47,67,156.75
47,68,158.59
47,69,160.43
47,70,145.73
47,71,157.66
47,72,129.21
47,73,149.40
47,74,154.92
47,75,127.38
47,76,130.13
47,77,132.89
47,78,134.72
47,79,147.57
48,0,259.30
48,1,234.39
48,2,186.04
48,3,190.43
48,4,177.26
48,5,184.58
48,6,200.70
48,7,216.81
48,8,159.67
48,9,202.17
48,10,164.07
48,11,140.63
48,12,167.00
48,13,164.07
48,14,196.30
48,15,200.70
48,16,178.72
48,17,208.02
48,18,184.58
48,19,234.39
48,20,207.84
48,21,173.65
48,22,214.68
48,23,213.30
48,24,201.00
48,25,181.85
48,26,198.27
48,27,246.13
48,28,224.25
48,29,229.72
48,30,250.24
48,31,209.21
48,32,224.25
48,33,303.57
48,34,194.16
48,35,270.74
48,36,270.74
48,37,251.59
48,38,242.03
48,39,303.57
48,40,258.23
48,41,191.01
48,42,198.08
48,43,238.18
48,44,245.26
48,45,254.70
48,46,179.22
48,47,224.03
48,48,209.88
48,49,195.73
48,50,229.93
48,51,238.18
48,52,181.58
48,53,170.96
48,54,159.17
48,55,194.55
48,56,191.01
48,57,178.04
48,58,192.19
48,59,182.75
48,60,195.30
48,61,199.89
48,62,179.70
48,63,187.96
48,64,180.61
48,65,171.43
48,66,170.51
48,67,145.73
48,68,155.83
48,69,163.17
48,70,122.79
48,71,156.75
48,72,130.13
48,73,149.40
48,74,146.66
48,75,134.72
48,76,131.05
48,77,131.05
48,78,136.56
48,79,144.82
49,0,218.28
49,1,206.55
49,2,235.85
49,3,199.23
49,4,169.93
49,5,203.62
49,6,175.79
49,7,168.47
49,8,187.51
49,9,203.62
49,10,177.26
49,11,177.26
49,12,205.09
49,13,196.30
49,14,171.40
49,15,158.21
49,16,186.04
49,17,174.32
49,18,167.00
49,19,222.67
49,20,235.19
49,21,198.27
49,22,248.87
49,23,257.08
49,24,239.29
49,25,211.95
49,26,213.30
49,27,263.91
49,28,250.24
49,29,252.97
49,30,206.47
49,31,191.43
49,32,233.82
49,33,300.84
49,34,228.35
49,35,276.22
49,36,292.62
49,37,274.85
49,38,221.52
49,39,252.97
49,40,279.45
49,41,180.39
49,42,237.02
49,43,231.11
49,44,249.98
49,45,229.93
49,46,232.29
49,47,225.21
49,48,234.65
49,49,189.83
49,50,220.49
49,51,221.67
49,52,172.14
49,53,188.65
49,54,199.27
49,55,188.65
49,56,187.47
49,57,188.65
49,58,168.60
49,59,191.01
49,60,185.20
49,61,152.16
49,62,189.79
49,63,158.59
49,64,168.68
49,65,165.93
49,66,143.89
49,67,157.66
49,68,142.98
49,69,152.16
49,70,149.40
49,71,150.33
49,72,146.66
49,73,151.24
49,74,146.66
49,75,136.56
49,76,128.30
49,77,123.71
49,78,141.15
49,79,143.89
50,0,228.53
50,1,186.04
50,2,212.42
50,3,175.79
50,4,194.83
50,5,180.19
50,6,172.87
50,7,206.55
50,8,209.49
50,9,202.17
50,10,227.07
50,11,150.88
50,12,193.37
50,13,196.30
50,14,240.25
50,15,178.72
50,16,191.90
50,17,224.13
50,18,213.89
50,19,222.67
50,20,235.19
50,21,220.14
50,22,254.33
50,23,202.37
50,24,265.27
50,25,206.47
50,26,288.53
50,27,322.71
50,28,244.76
50,29,232.45
50,30,265.27
50,31,237.93
50,32,252.97
50,33,258.43
50,34,242.03
50,35,246.13
50,36,247.50
50,37,229.72
50,38,287.16
50,39,196.90
50,40,247.62
50,41,155.63
50,42,247.62
50,43,240.54
50,44,192.19
50,45,229.93
50,46,187.47
50,47,206.34
50,48,199.27
50,49,143.84
50,50,185.11
50,51,200.44
50,52,160.36
50,53,195.73
50,54,136.76
50,55,194.55
50,56,181.58
50,57,175.69
50,58,186.29
50,59,166.25
50,60,169.60
50,61,179.70
50,62,187.04
50,63,186.12
50,64,165.01
50,65,159.50
50,66,154.92
50,67,168.68
50,68,145.73
50,69,168.68
50,70,143.89
50,71,150.33
50,72,131.96
50,73,153.07
50,74,142.98
50,75,128.30
50,76,111.77
50,77,109.02
50,78,118.20
50,79,139.31
51,0,235.85
51,1,244.65
51,2,183.12
51,3,184.58
51,4,186.04
51,5,184.58
51,6,171.40
51,7,237.32
51,8,196.30
51,9,172.87
51,10,191.90
51,11,193.37
51,12,268.09
51,13,259.30
51,14,191.90
51,15,263.69
51,16,237.32
51,17,210.95
51,18,243.19
51,19,203.62
51,20,268.01
51,21,242.03
51,22,252.97
51,23,246.13
51,24,216.04
51,25,207.84
51,26,226.98
51,27,266.65
51,28,247.50
51,29,222.88
51,30,231.09
51,31,188.69
51,32,231.09
51,33,229.72
51,34,229.72
51,35,213.30
51,36,202.37
51,37,242.03
51,38,228.35
51,39,207.84
51,40,186.29
51,41,189.83
51,42,173.32
51,43,213.42
51,44,194.55
51,45,180.39
51,46,205.16
51,47,182.75
51,48,167.42
51,49,149.73
51,50,175.69
51,51,174.50
51,52,165.06
51,53,161.53
51,54,154.45
51,55,169.78
51,56,181.58
51,57,176.86
51,58,153.27
51,59,155.63
51,60,202.64
51,61,179.70
51,62,197.14
51,63,186.12
51,64,177.87
51,65,161.33
51,66,153.07
51,67,161.33
51,68,143.89
51,69,143.89
51,70,150.33
51,71,154.92
51,72,158.59
51,73,151.24
51,74,148.49
51,75,150.33
51,76,126.46
51,77,120.04
51,78,136.56
51,79,134.72
52,0,193.37
52,1,212.42
52,2,171.40
52,3,216.81
52,4,184.58
52,5,230.00
52,6,241.72
52,7,240.25
52,8,200.70
52,9,241.72
52,10,243.19
52,11,190.43
52,12,194.83
52,13,167.00
52,14,206.55
52,15,188.97
52,16,241.72
52,17,202.17
52,18,186.04
52,19,196.30
52,20,247.50
52,21,237.93
52,22,239.29
52,23,247.50
52,24,231.09
52,25,218.78
52,26,218.78
52,27,233.82
52,28,190.06
52,29,190.06
52,30,205.11
52,31,169.54
52,32,237.93
52,33,222.88
52,34,201.00
52,35,206.47
52,36,205.11
52,37,218.78
52,38,198.27
52,39,199.64
52,40,207.52
52,41,163.89
52,42,200.44
52,43,156.81
52,44,156.81
52,45,208.70
52,46,211.06
52,47,187.47
52,48,174.50
52,49,169.78
52,50,148.56
52,51,185.11
52,52,192.19
52,53,189.83
52,54,179.22
52,55,170.96
52,56,180.39
52,57,181.58
52,58,186.29
52,59,181.58
52,60,215.49
52,61,205.40
52,62,194.38
52,63,189.79
52,64,195.30
52,65,170.51
52,66,165.93
52,67,151.24
52,68,149.40
52,69,160.43
52,70,160.43
52,71,169.60
52,72,160.43
52,73,147.57
52,74,151.24
52,75,156.75
52,76,138.39
52,77,139.31
52,78,137.48
52,79,139.31
53,0,210.95
53,1,218.28
53,2,200.70
53,3,187.51
53,4,199.23
53,5,196.30
53,6,193.37
53,7,254.91
53,8,209.49
53,9,206.55
53,10,191.90
53,11,186.04
53,12,213.89
53,13,196.30
53,14,219.74
53,15,228.53
53,16,181.65
53,17,221.20
53,18,197.77
53,19,200.70
53,20,190.06
53,21,216.04
53,22,257.08
53,23,207.84
53,24,220.14
53,25,198.27
53,26,220.14
53,27,191.43
53,28,194.16
53,29,196.90
53,30,185.96
53,31,188.69
53,32,201.00
53,33,210.57
53,34,205.11
53,35,206.47
53,36,206.47
53,37,179.12
53,38,205.11
53,39,177.76
53,40,175.69
53,41,201.63
53,42,203.98
53,43,185.11
53,44,191.01
53,45,173.32
53,46,207.52
53,47,194.26
53,48,186.29
53,49,181.58
53,50,161.53
53,51,173.32
53,52,182.75
53,53,192.19
53,54,149.73
53,55,172.14
53,56,169.78
53,57,181.58
53,58,166.25
53,59,189.83
53,60,235.69
53,61,221.00
53,62,176.94
53,63,210.90
53,64,180.61
53,65,176.94
53,66,154.00
53,67,159.50
53,68,171.43
53,69,146.66
53,70,148.49
53,71,162.26
53,72,142.98
53,73,176.03
53,74,169.60
53,75,170.51
53,76,138.39
53,77,122.79
53,78,131.05
53,79,136.56
54,0,234.39
54,1,227.07
54,2,165.53
54,3,205.09
54,4,216.81
54,5,188.97
54,6,246.11
54,7,178.72
54,8,191.90
54,9,161.14
54,10,212.42
54,11,222.67
54,12,231.46
54,13,244.65
54,14,227.07
54,15,197.77
54,16,221.20
54,17,253.44
54,18,152.35
54,19,178.72
54,20,187.32
54,21,217.41
54,22,211.95
54,23,205.11
54,24,183.22
54,25,202.37
54,26,181.85
54,27,185.96
54,28,175.01
54,29,180.49
54,30,192.80
54,31,179.12
54,32,175.01
54,33,188.69
54,34,207.84
54,35,187.32
54,36,181.85
54,37,183.22
54,38,158.61
54,39,184.59
54,40,186.29
54,41,185.11
54,42,175.69
54,43,194.55
54,44,187.47
54,45,178.04
54,46,200.44
54,47,188.65
54,48,198.08
54,49,176.86
54,50,189.83
54,51,173.32
54,52,188.65
54,53,181.58
54,54,178.04
54,55,149.73
54,56,168.60
54,57,181.58
54,58,170.96
54,59,196.91
54,60,263.22
54,61,239.36
54,62,222.84
54,63,214.58
54,64,201.73
54,65,182.45
54,66,174.20
54,67,180.61
54,68,133.80
54,69,154.92
54,70,152.16
54,71,161.33
54,72,147.57
54,73,168.68
54,74,165.93
54,75,152.16
54,76,132.89
54,77,123.71
54,78,133.80
54,79,135.64
55,0,187.51
55,1,241.72
55,2,193.37
55,3,206.55
55,4,191.90
55,5,193.37
55,6,222.67
55,7,169.93
55,8,203.62
55,9,202.17
55,10,203.62
55,11,200.70
55,12,186.04
55,13,199.23
55,14,208.02
55,15,181.65
55,16,161.14
55,17,177.26
55,18,146.49
55,19,190.43
55,20,201.00
55,21,214.68
55,22,192.80
55,23,175.01
55,24,165.44
55,25,198.27
55,26,196.90
55,27,190.06
55,28,168.18
55,29,157.24
55,30,177.76
55,31,180.49
55,32,196.90
55,33,180.49
55,34,206.47
55,35,194.16
55,36,175.01
55,37,203.73
55,38,179.12
55,39,149.03
55,40,211.06
55,41,169.78
55,42,183.94
55,43,178.04
55,44,161.53
55,45,191.01
55,46,172.14
55,47,170.96
55,48,175.69
55,49,134.40
55,50,149.73
55,51,176.86
55,52,188.65
55,53,141.48
55,54,199.27
55,55,196.91
55,56,199.27
55,57,202.80
55,58,198.08
55,59,220.49
55,60,231.10
55,61,232.94
55,62,231.10
55,63,210.90
55,64,202.64
55,65,194.38
55,66,188.87
55,67,172.35
55,68,139.31
55,69,165.01
55,70,152.16
55,71,148.49
55,72,151.24
55,73,164.10
55,74,152.16
55,75,174.20
55,76,148.49
55,77,129.21
55,78,119.12
55,79,152.16
56,0,187.51
56,1,209.49
56,2,188.97
56,3,153.81
56,4,161.14
56,5,175.79
56,6,200.70
56,7,194.83
56,8,164.07
56,9,200.70
56,10,193.37
56,11,164.07
56,12,180.19
56,13,175.79
56,14,169.93
56,15,162.60
56,16,174.32
56,17,196.30
56,18,152.35
56,19,199.23
56,20,175.01
56,21,172.28
56,22,157.24
56,23,187.32
56,24,165.44
56,25,181.85
56,26,190.06
56,27,176.38
56,28,150.40
56,29,184.59
56,30,147.67
56,31,151.77
56,32,173.65
56,33,181.85
56,34,139.46
56,35,180.49
56,36,155.86
56,37,199.64
56,38,161.34
56,39,162.70
56,40,211.06
56,41,211.06
56,42,202.80
56,43,198.08
56,44,195.73
56,45,182.75
56,46,205.16
56,47,195.73
56,48,185.11
56,49,201.63
56,50,198.08
56,51,198.08
56,52,209.88
56,53,200.44
56,54,194.55
56,55,200.44
56,56,211.06
56,57,207.52
56,58,215.77
56,59,202.80
56,60,237.53
56,61,243.94
56,62,244.87
56,63,218.25
56,64,211.82
56,65,229.26
56,66,203.56
56,67,184.28
56,68,186.12
56,69,173.27
56,70,167.77
56,71,182.45
56,72,155.83
56,73,162.26
56,74,150.33
56,75,146.66
56,76,149.40
56,77,140.23
56,78,155.83
56,79,152.16
57,0,216.81
57,1,216.81
57,2,150.88
57,3,202.17
57,4,180.19
57,5,153.81
57,6,180.19
57,7,187.51
57,8,186.04
57,9,177.26
57,10,165.53
57,11,196.30
57,12,224.13
57,13,191.90
57,14,172.87
57,15,161.14
57,16,205.09
57,17,191.90
57,18,183.12
57,19,200.70
57,20,170.92
57,21,188.69
57,22,176.38
57,23,154.51
57,24,154.51
57,25,179.12
57,26,165.44
57,27,154.51
57,28,153.14
57,29,140.83
57,30,170.92
57,31,154.51
57,32,191.43
57,33,155.86
57,34,173.65
57,35,185.96
57,36,206.47
57,37,190.06
57,38,195.53
57,39,161.34
57,40,200.44
57,41,206.34
57,42,202.80
57,43,209.88
57,44,201.63
57,45,209.88
57,46,203.98
57,47,207.52
57,48,205.16
57,49,196.91
57,50,211.06
57,51,207.52
57,52,189.83
57,53,205.16
57,54,200.44
57,55,208.70
57,56,224.03
57,57,209.88
57,58,229.93
57,59,232.29
57,60,249.45
57,61,244.87
57,62,232.71
57,63,212.74
57,64,206.32
57,65,211.82
57,66,224.67
57,67,221.00
57,68,184.28
57,69,189.79
57,70,172.35
57,71,170.51
57,72,167.77
57,73,164.10
57,74,161.33
57,75,156.75
57,76,147.57
57,77,132.89
57,78,160.43
57,79,142.98
58,0,206.55
58,1,196.30
58,2,206.55
58,3,180.19
58,4,184.58
58,5,175.79
58,6,159.67
58,7,194.83
58,8,209.49
58,9,187.51
58,10,168.47
58,11,175.79
58,12,187.51
58,13,168.47
58,14,172.87
58,15,158.21
58,16,162.60
58,17,175.79
58,18,194.83
58,19,145.03
58,20,159.98
58,21,162.70
58,22,161.34
58,23,157.24
58,24,125.78
58,25,133.99
58,26,168.18
58,27,176.38
58,28,185.96
58,29,179.12
58,30,183.22
58,31,155.86
58,32,191.43
58,33,184.59
58,34,181.85
58,35,195.53
58,36,191.43
58,37,184.59
58,38,195.53
58,39,201.00
58,40,206.34
58,41,202.80
58,42,206.34
58,43,209.88
58,44,202.80
58,45,220.49
58,46,222.85
58,47,199.27
58,48,211.06
58,49,202.80
58,50,215.77
58,51,222.85
58,52,219.32
58,53,207.52
58,54,213.42
58,55,225.21
58,56,225.21
58,57,214.60
58,58,224.03
58,59,200.44
58,60,253.13
58,61,237.53
58,62,232.94
58,63,226.50
58,64,212.74
58,65,215.49
58,66,218.25
58,67,165.93
58,68,204.48
58,69,154.00
58,70,178.78
58,71,154.92
58,72,162.26
58,73,164.10
58,74,165.93
58,75,160.43
58,76,142.07
58,77,130.13
58,78,109.94
58,79,139.31
59,0,210.95
59,1,231.46
59,2,215.35
59,3,199.23
59,4,175.79
59,5,164.07
59,6,149.41
59,7,187.51
59,8,178.72
59,9,180.19
59,10,178.72
59,11,156.75
59,12,193.37
59,13,169.93
59,14,180.19
59,15,158.21
59,16,191.90
59,17,196.30
59,18,165.53
59,19,152.35
59,20,149.03
59,21,155.86
59,22,179.12
59,23,166.81
59,24,150.40
59,25,157.24
59,26,165.44
59,27,180.49
59,28,177.76
59,29,158.61
59,30,157.24
59,31,176.38
59,32,170.92
59,33,169.54
59,34,176.38
59,35,194.16
59,36,168.18
59,37,203.73
59,38,175.01
59,39,196.90
59,40,224.03
59,41,194.55
59,42,201.63
59,43,196.91
59,44,199.27
59,45,206.34
59,46,203.98
59,47,196.91
59,48,215.77
59,49,205.16
59,50,198.08
59,51,186.29
59,52,211.06
59,53,229.93
59,54,222.85
59,55,199.27
59,56,220.49
59,57,186.29
59,58,163.89
59,59,220.49
59,60,245.78
59,61,236.60
59,62,242.11
59,63,212.74
59,64,215.49
59,65,247.61
59,66,247.61
59,67,221.00
59,68,232.02
59,69,219.17
59,70,206.32
59,71,187.96
59,72,160.43
59,73,172.35
59,74,181.53
59,75,160.43
59,76,150.33
59,77,140.23
59,78,139.31
59,79,165.93
60,0,nan
60,1,nan
60,2,nan
60,3,nan
60,4,nan
60,5,nan
60,6,nan
60,7,nan
60,8,nan
60,9,nan
60,10,nan
60,11,nan
60,12,nan
60,13,nan
60,14,nan
60,15,nan
60,16,nan
60,17,nan
60,18,nan
60,19,nan
60,20,nan
60,21,nan
60,22,nan
60,23,nan
60,24,nan
60,25,nan
60,26,nan
60,27,nan
60,28,nan
60,29,nan
60,30,nan
60,31,nan
60,32,nan
60,33,nan
60,34,nan
60,35,nan
60,36,nan
60,37,nan
60,38,nan
60,39,nan
60,40,189.35
60,41,203.29
60,42,193.99
60,43,211.42
60,44,227.69
60,45,221.88
60,46,213.74
60,47,203.29
60,48,227.69
60,49,182.38
60,50,226.52
60,51,218.39
60,52,180.05
60,53,207.93
60,54,200.97
60,55,213.74
60,56,206.78
60,57,183.54
60,58,197.48
60,59,221.88
60,60,nan
60,61,nan
60,62,nan
60,63,nan
60,64,nan
60,65,nan
60,66,nan
60,67,nan
60,68,nan
60,69,nan
60,70,nan
60,71,nan
60,72,nan
60,73,nan
60,74,nan
60,75,nan
60,76,nan
60,77,nan
60,78,nan
60,79,nan
61,0,nan
61,1,nan
61,2,nan
61,3,nan
61,4,nan
61,5,nan
61,6,nan
61,7,nan
61,8,nan
61,9,nan
61,10,nan
61,11,nan
61,12,nan
61,13,nan
61,14,nan
61,15,nan
61,16,nan
61,17,nan
61,18,nan
61,19,nan
61,20,nan
61,21,nan
61,22,nan
61,23,nan
61,24,nan
61,25,nan
61,26,nan
61,27,nan
61,28,nan
61,29,nan
61,30,nan
61,31,nan
61,32,nan
61,33,nan
61,34,nan
61,35,nan
61,36,nan
61,37,nan
61,38,nan
61,39,nan
61,40,200.97
61,41,192.83
61,42,220.72
61,43,203.29
61,44,212.58
61,45,219.55
61,46,207.93
61,47,219.55
61,48,230.01
61,49,211.42
61,50,191.67
61,51,219.55
61,52,202.13
61,53,191.67
61,54,207.93
61,55,225.36
61,56,217.23
61,57,211.42
61,58,218.39
61,59,199.81
61,60,nan
61,61,nan
61,62,nan
61,63,nan
61,64,nan
61,65,nan
61,66,nan
61,67,nan
61,68,nan
61,69,nan
61,70,nan
61,71,nan
61,72,nan
61,73,nan
61,74,nan
61,75,nan
61,76,nan
61,77,nan
61,78,nan
61,79,nan
62,0,nan
62,1,nan
62,2,nan
62,3,nan
62,4,nan
62,5,nan
62,6,nan
62,7,nan
62,8,nan
62,9,nan
62,10,nan
62,11,nan
62,12,nan
62,13,nan
62,14,nan
62,15,nan
62,16,nan
62,17,nan
62,18,nan
62,19,nan
62,20,nan
62,21,nan
62,22,nan
62,23,nan
62,24,nan
62,25,nan
62,26,nan
62,27,nan
62,28,nan
62,29,nan
62,30,nan
62,31,nan
62,32,nan
62,33,nan
62,34,nan
62,35,nan
62,36,nan
62,37,nan
62,38,nan
62,39,nan
62,40,205.61
62,41,231.17
62,42,195.16
62,43,221.88
62,44,235.82
62,45,226.52
62,46,239.30
62,47,193.99
62,48,234.65
62,49,224.20
62,50,209.10
62,51,176.57
62,52,173.08
62,53,220.72
62,54,198.64
62,55,190.51
62,56,227.69
62,57,206.78
62,58,192.83
62,59,207.93
62,60,nan
62,61,nan
62,62,nan
62,63,nan
62,64,nan
62,65,nan
62,66,nan
62,67,nan
62,68,nan
62,69,nan
62,70,nan
62,71,nan
62,72,nan
62,73,nan
62,74,nan
62,75,nan
62,76,nan
62,77,nan
62,78,nan
62,79,nan
63,0,nan
63,1,nan
63,2,nan
63,3,nan
63,4,nan
63,5,nan
63,6,nan
63,7,nan
63,8,nan
63,9,nan
63,10,nan
63,11,nan
63,12,nan
63,13,nan
63,14,nan
63,15,nan
63,16,nan
63,17,nan
63,18,nan
63,19,nan
63,20,nan
63,21,nan
63,22,nan
63,23,nan
63,24,nan
63,25,nan
63,26,nan
63,27,nan
63,28,nan
63,29,nan
63,30,nan
63,31,nan
63,32,nan
63,33,nan
63,34,nan
63,35,nan
63,36,nan
63,37,nan
63,38,nan
63,39,nan
63,40,232.33
63,41,204.45
63,42,199.81
63,43,226.52
63,44,226.52
63,45,221.88
63,46,240.46
63,47,225.36
63,48,227.69
63,49,174.25
63,50,230.01
63,51,209.10
63,52,187.02
63,53,213.74
63,54,210.26
63,55,207.93
63,56,231.17
63,57,230.01
63,58,233.50
63,59,217.23
63,60,nan
63,61,nan
63,62,nan
63,63,nan
63,64,nan
63,65,nan
63,66,nan
63,67,nan
63,68,nan
63,69,nan
63,70,nan
63,71,nan
63,72,nan
63,73,nan
63,74,nan
63,75,nan
63,76,nan
63,77,nan
63,78,nan
63,79,nan
64,0,nan
64,1,nan
64,2,nan
64,3,nan
64,4,nan
64,5,nan
64,6,nan
64,7,nan
64,8,nan
64,9,nan
64,10,nan
64,11,nan
64,12,nan
64,13,nan
64,14,nan
64,15,nan
64,16,nan
64,17,nan
64,18,nan
64,19,nan
64,20,nan
64,21,nan
64,22,nan
64,23,nan
64,24,nan
64,25,nan
64,26,nan
64,27,nan
64,28,nan
64,29,nan
64,30,nan
64,31,nan
64,32,nan
64,33,nan
64,34,nan
64,35,nan
64,36,nan
64,37,nan
64,38,nan
64,39,nan
64,40,228.84
64,41,211.42
64,42,231.17
64,43,210.26
64,44,227.69
64,45,246.26
64,46,247.44
64,47,209.10
64,48,238.14
64,49,223.04
64,50,234.65
64,51,200.97
64,52,191.67
64,53,173.08
64,54,192.83
64,55,220.72
64,56,198.64
64,57,178.89
64,58,206.78
64,59,207.93
64,60,nan
64,61,nan
64,62,nan
64,63,nan
64,64,nan
64,65,nan
64,66,nan
64,67,nan
64,68,nan
64,69,nan
64,70,nan
64,71,nan
64,72,nan
64,73,nan
64,74,nan
64,75,nan
64,76,nan
64,77,nan
64,78,nan
64,79,nan
65,0,nan
65,1,nan
65,2,nan
65,3,nan
65,4,nan
65,5,nan
65,6,nan
65,7,nan
65,8,nan
65,9,nan
65,10,nan
65,11,nan
65,12,nan
65,13,nan
65,14,nan
65,15,nan
65,16,nan
65,17,nan
65,18,nan
65,19,nan
65,20,nan
65,21,nan
65,22,nan
65,23,nan
65,24,nan
65,25,nan
65,26,nan
65,27,nan
65,28,nan
65,29,nan
65,30,nan
65,31,nan
65,32,nan
65,33,nan
65,34,nan
65,35,nan
65,36,nan
65,37,nan
65,38,nan
65,39,nan
65,40,206.78
65,41,243.94
65,42,232.33
65,43,213.74
65,44,233.50
65,45,212.58
65,46,205.61
65,47,241.62
65,48,220.72
65,49,189.35
65,50,217.23
65,51,131.26
65,52,178.89
65,53,220.72
65,54,204.45
65,55,182.38
65,56,197.48
65,57,157.98
65,58,226.52
65,59,213.74
65,60,nan
65,61,nan
65,62,nan
65,63,nan
65,64,nan
65,65,nan
65,66,nan
65,67,nan
65,68,nan
65,69,nan
65,70,nan
65,71,nan
65,72,nan
65,73,nan
65,74,nan
65,75,nan
65,76,nan
65,77,nan
65,78,nan
65,79,nan
66,0,nan
66,1,nan
66,2,nan
66,3,nan
66,4,nan
66,5,nan
66,6,nan
66,7,nan
66,8,nan
66,9,nan
66,10,nan
66,11,nan
66,12,nan
66,13,nan
66,14,nan
66,15,nan
66,16,nan
66,17,nan
66,18,nan
66,19,nan
66,20,nan
66,21,nan
66,22,nan
66,23,nan
66,24,nan
66,25,nan
66,26,nan
66,27,nan
66,28,nan
66,29,nan
66,30,nan
66,31,nan
66,32,nan
66,33,nan
66,34,nan
66,35,nan
66,36,nan
66,37,nan
66,38,nan
66,39,nan
66,40,221.88
66,41,226.08
66,42,204.45
66,43,227.69
66,44,227.69
66,45,221.88
66,46,243.94
66,47,232.33
66,48,219.55
66,49,224.20
66,50,234.65
66,51,126.62
66,52,218.39
66,53,184.70
66,54,189.35
66,55,191.67
66,56,200.97
66,57,217.23
66,58,221.88
66,59,187.02
66,60,nan
66,61,nan
66,62,nan
66,63,nan
66,64,nan
66,65,nan
66,66,nan
66,67,nan
66,68,nan
66,69,nan
66,70,nan
66,71,nan
66,72,nan
66,73,nan
66,74,nan
66,75,nan
66,76,nan
66,77,nan
66,78,nan
66,79,nan
67,0,nan
67,1,nan
67,2,nan
67,3,nan
67,4,nan
67,5,nan
67,6,nan
67,7,nan
67,8,nan
67,9,nan
67,10,nan
67,11,nan
67,12,nan
67,13,nan
67,14,nan
67,15,nan
67,16,nan
67,17,nan
67,18,nan
67,19,nan
67,20,nan
67,21,nan
67,22,nan
67,23,nan
67,24,nan
67,25,nan
67,26,nan
67,27,nan
67,28,nan
67,29,nan
67,30,nan
67,31,nan
67,32,nan
67,33,nan
67,34,nan
67,35,nan
67,36,nan
67,37,nan
67,38,nan
67,39,nan
67,40,218.39
67,41,245.11
67,42,235.82
67,43,238.14
67,44,246.26
67,45,220.72
67,46,232.33
67,47,230.01
67,48,227.69
67,49,212.58
67,50,230.01
67,51,214.91
67,52,176.57
67,53,155.66
67,54,177.73
67,55,163.78
67,56,200.97
67,57,205.61
67,58,198.64
67,59,206.78
67,60,nan
67,61,nan
67,62,nan
67,63,nan
67,64,nan
67,65,nan
67,66,nan
67,67,nan
67,68,nan
67,69,nan
67,70,nan
67,71,nan
67,72,nan
67,73,nan
67,74,nan
67,75,nan
67,76,nan
67,77,nan
67,78,nan
67,79,nan
68,0,nan
68,1,nan
68,2,nan
68,3,nan
68,4,nan
68,5,nan
68,6,nan
68,7,nan
68,8,nan
68,9,nan
68,10,nan
68,11,nan
68,12,nan
68,13,nan
68,14,nan
68,15,nan
68,16,nan
68,17,nan
68,18,nan
68,19,nan
68,20,nan
68,21,nan
68,22,nan
68,23,nan
68,24,nan
68,25,nan
68,26,nan
68,27,nan
68,28,nan
68,29,nan
68,30,nan
68,31,nan
68,32,nan
68,33,nan
68,34,nan
68,35,nan
68,36,nan
68,37,nan
68,38,nan
68,39,nan
68,40,231.17
68,41,233.50
68,42,206.78
68,43,235.82
68,44,224.20
68,45,213.74
68,46,246.26
68,47,233.50
68,48,227.69
68,49,217.23
68,50,228.84
68,51,216.07
68,52,191.67
68,53,190.51
68,54,187.02
68,55,212.58
68,56,197.48
68,57,213.74
68,58,207.93
68,59,187.02
68,60,nan
68,61,nan
68,62,nan
68,63,nan
68,64,nan
68,65,nan
68,66,nan
68,67,nan
68,68,nan
68,69,nan
68,70,nan
68,71,nan
68,72,nan
68,73,nan
68,74,nan
68,75,nan
68,76,nan
68,77,nan
68,78,nan
68,79,nan
69,0,nan
69,1,nan
69,2,nan
69,3,nan
69,4,nan
69,5,nan
69,6,nan
69,7,nan
69,8,nan
69,9,nan
69,10,nan
69,11,nan
69,12,nan
69,13,nan
69,14,nan
69,15,nan
69,16,nan
69,17,nan
69,18,nan
69,19,nan
69,20,nan
69,21,nan
69,22,nan
69,23,nan
69,24,nan
69,25,nan
69,26,nan
69,27,nan
69,28,nan
69,29,nan
69,30,nan
69,31,nan
69,32,nan
69,33,nan
69,34,nan
69,35,nan
69,36,nan
69,37,nan
69,38,nan
69,39,nan
69,40,192.83
69,41,226.52
69,42,223.04
69,43,209.10
69,44,236.97
69,45,234.65
69,46,248.60
69,47,218.39
69,48,193.99
69,49,230.01
69,50,225.36
69,51,206.78
69,52,216.07
69,53,231.17
69,54,200.97
69,55,211.42
69,56,213.74
69,57,209.10
69,58,211.42
69,59,205.61
69,60,nan
69,61,nan
69,62,nan
69,63,nan
69,64,nan
69,65,nan
69,66,nan
69,67,nan
69,68,nan
69,69,nan
69,70,nan
69,71,nan
69,72,nan
69,73,nan
69,74,nan
69,75,nan
69,76,nan
69,77,nan
69,78,nan
69,79,nan
70,0,nan
70,1,nan
70,2,nan
70,3,nan
70,4,nan
70,5,nan
70,6,nan
70,7,nan
70,8,nan
70,9,nan
70,10,nan
70,11,nan
70,12,nan
70,13,nan
70,14,nan
70,15,nan
70,16,nan
70,17,nan
70,18,nan
70,19,nan
70,20,nan
70,21,nan
70,22,nan
70,23,nan
70,24,nan
70,25,nan
70,26,nan
70,27,nan
70,28,nan
70,29,nan
70,30,nan
70,31,nan
70,32,nan
70,33,nan
70,34,nan
70,35,nan
70,36,nan
70,37,nan
70,38,nan
70,39,nan
70,40,212.58
70,41,213.74
70,42,245.11
70,43,213.74
70,44,181.22
70,45,225.36
70,46,249.76
70,47,224.20
70,48,214.91
70,49,211.42
70,50,234.65
70,51,227.69
70,52,232.33
70,53,234.65
70,54,223.04
70,55,205.61
70,56,205.61
70,57,182.38
70,58,200.97
70,59,204.45
70,60,nan
70,61,nan
70,62,nan
70,63,nan
70,64,nan
70,65,nan
70,66,nan
70,67,nan
70,68,nan
70,69,nan
70,70,nan
70,71,nan
70,72,nan
70,73,nan
70,74,nan
70,75,nan
70,76,nan
70,77,nan
70,78,nan
70,79,nan
71,0,nan
71,1,nan
71,2,nan
71,3,nan
71,4,nan
71,5,nan
71,6,nan
71,7,nan
71,8,nan
71,9,nan
71,10,nan
71,11,nan
71,12,nan
71,13,nan
71,14,nan
71,15,nan
71,16,nan
71,17,nan
71,18,nan
71,19,nan
71,20,nan
71,21,nan
71,22,nan
71,23,nan
71,24,nan
71,25,nan
71,26,nan
71,27,nan
71,28,nan
71,29,nan
71,30,nan
71,31,nan
71,32,nan
71,33,nan
71,34,nan
71,35,nan
71,36,nan
71,37,nan
71,38,nan
71,39,nan
71,40,193.99
71,41,205.61
71,42,214.91
71,43,206.78
71,44,203.29
71,45,238.14
71,46,250.92
71,47,248.60
71,48,236.97
71,49,219.55
71,50,245.11
71,51,249.76
71,52,218.39
71,53,226.52
71,54,217.23
71,55,195.16
71,56,216.07
71,57,223.04
71,58,203.29
71,59,210.26
71,60,nan
71,61,nan
71,62,nan
71,63,nan
71,64,nan
71,65,nan
71,66,nan
71,67,nan
71,68,nan
71,69,nan
71,70,nan
71,71,nan
71,72,nan
71,73,nan
71,74,nan
71,75,nan
71,76,nan
71,77,nan
71,78,nan
71,79,nan
72,0,nan
72,1,nan
72,2,nan
72,3,nan
72,4,nan
72,5,nan
72,6,nan
72,7,nan
72,8,nan
72,9,nan
72,10,nan
72,11,nan
72,12,nan
72,13,nan
72,14,nan
72,15,nan
72,16,nan
72,17,nan
72,18,nan
72,19,nan
72,20,nan
72,21,nan
72,22,nan
72,23,nan
72,24,nan
72,25,nan
72,26,nan
72,27,nan
72,28,nan
72,29,nan
72,30,nan
72,31,nan
72,32,nan
72,33,nan
72,34,nan
72,35,nan
72,36,nan
72,37,nan
72,38,nan
72,39,nan
72,40,210.26
72,41,176.57
72,42,214.91
72,43,200.97
72,44,240.46
72,45,250.92
72,46,241.62
72,47,230.01
72,48,241.62
72,49,246.26
72,50,230.01
72,51,243.94
72,52,184.70
72,53,213.74
72,54,240.46
72,55,212.58
72,56,219.55
72,57,188.19
72,58,227.69
72,59,219.55
72,60,nan
72,61,nan
72,62,nan
72,63,nan
72,64,nan
72,65,nan
72,66,nan
72,67,nan
72,68,nan
72,69,nan
72,70,nan
72,71,nan
72,72,nan
72,73,nan
72,74,nan
72,75,nan
72,76,nan
72,77,nan
72,78,nan
72,79,nan
73,0,nan
73,1,nan
73,2,nan
73,3,nan
73,4,nan
73,5,nan
73,6,nan
73,7,nan
73,8,nan
73,9,nan
73,10,nan
73,11,nan
73,12,nan
73,13,nan
73,14,nan
73,15,nan
73,16,nan
73,17,nan
73,18,nan
73,19,nan
73,20,nan
73,21,nan
73,22,nan
73,23,nan
73,24,nan
73,25,nan
73,26,nan
73,27,nan
73,28,nan
73,29,nan
73,30,nan
73,31,nan
73,32,nan
73,33,nan
73,34,nan
73,35,nan
73,36,nan
73,37,nan
73,38,nan
73,39,nan
73,40,197.48
73,41,231.17
73,42,183.54
73,43,218.39
73,44,227.69
73,45,218.39
73,46,220.72
73,47,213.74
73,48,206.78
73,49,211.42
73,50,190.51
73,51,213.74
73,52,228.84
73,53,207.93
73,54,254.41
73,55,242.78
73,56,242.78
73,57,200.97
73,58,214.91
73,59,224.20
73,60,nan
73,61,nan
73,62,nan
73,63,nan
73,64,nan
73,65,nan
73,66,nan
73,67,nan
73,68,nan
73,69,nan
73,70,nan
73,71,nan
73,72,nan
73,73,nan
73,74,nan
73,75,nan
73,76,nan
73,77,nan
73,78,nan
73,79,nan
74,0,nan
74,1,nan
74,2,nan
74,3,nan
74,4,nan
74,5,nan
74,6,nan
74,7,nan
74,8,nan
74,9,nan
74,10,nan
74,11,nan
74,12,nan
74,13,nan
74,14,nan
74,15,nan
74,16,nan
74,17,nan
74,18,nan
74,19,nan
74,20,nan
74,21,nan
74,22,nan
74,23,nan
74,24,nan
74,25,nan
74,26,nan
74,27,nan
74,28,nan
74,29,nan
74,30,nan
74,31,nan
74,32,nan
74,33,nan
74,34,nan
74,35,nan
74,36,nan
74,37,nan
74,38,nan
74,39,nan
74,40,235.82
74,41,210.26
74,42,220.72
74,43,233.50
74,44,242.78
74,45,250.92
74,46,248.60
74,47,245.11
74,48,248.60
74,49,254.41
74,50,233.50
74,51,225.36
74,52,248.60
74,53,250.92
74,54,228.84
74,55,236.97
74,56,230.01
74,57,220.72
74,58,223.04
74,59,230.01
74,60,nan
74,61,nan
74,62,nan
74,63,nan
74,64,nan
74,65,nan
74,66,nan
74,67,nan
74,68,nan
74,69,nan
74,70,nan
74,71,nan
74,72,nan
74,73,nan
74,74,nan
74,75,nan
74,76,nan
74,77,nan
74,78,nan
74,79,nan
75,0,nan
75,1,nan
75,2,nan
75,3,nan
75,4,nan
75,5,nan
75,6,nan
75,7,nan
75,8,nan
75,9,nan
75,10,nan
75,11,nan
75,12,nan
75,13,nan
75,14,nan
75,15,nan
75,16,nan
75,17,nan
75,18,nan
75,19,nan
75,20,nan
75,21,nan
75,22,nan
75,23,nan
75,24,nan
75,25,nan
75,26,nan
75,27,nan
75,28,nan
75,29,nan
75,30,nan
75,31,nan
75,32,nan
75,33,nan
75,34,nan
75,35,nan
75,36,nan
75,37,nan
75,38,nan
75,39,nan
75,40,228.84
75,41,238.14
75,42,225.36
75,43,241.62
75,44,235.82
75,45,241.62
75,46,239.30
75,47,236.97
75,48,236.97
75,49,245.11
75,50,238.14
75,51,268.35
75,52,242.78
75,53,241.62
75,54,221.88
75,55,243.94
75,56,241.62
75,57,225.36
75,58,235.82
75,59,233.50
75,60,nan
75,61,nan
75,62,nan
75,63,nan
75,64,nan
75,65,nan
75,66,nan
75,67,nan
75,68,nan
75,69,nan
75,70,nan
75,71,nan
75,72,nan
75,73,nan
75,74,nan
75,75,nan
75,76,nan
75,77,nan
75,78,nan
75,79,nan
76,0,nan
76,1,nan
76,2,nan
76,3,nan
76,4,nan
76,5,nan
76,6,nan
76,7,nan
76,8,nan
76,9,nan
76,10,nan
76,11,nan
76,12,nan
76,13,nan
76,14,nan
76,15,nan
76,16,nan
76,17,nan
76,18,nan
76,19,nan
76,20,nan
76,21,nan
76,22,nan
76,23,nan
76,24,nan
76,25,nan
76,26,nan
76,27,nan
76,28,nan
76,29,nan
76,30,nan
76,31,nan
76,32,nan
76,33,nan
76,34,nan
76,35,nan
76,36,nan
76,37,nan
76,38,nan
76,39,nan
76,40,220.72
76,41,242.78
76,42,214.91
76,43,234.65
76,44,246.26
76,45,236.97
76,46,247.44
76,47,232.33
76,48,235.82
76,49,243.94
76,50,250.92
76,51,246.26
76,52,242.78
76,53,253.24
76,54,227.69
76,55,234.65
76,56,240.46
76,57,227.69
76,58,232.33
76,59,228.84
76,60,nan
76,61,nan
76,62,nan
76,63,nan
76,64,nan
76,65,nan
76,66,nan
76,67,nan
76,68,nan
76,69,nan
76,70,nan
76,71,nan
76,72,nan
76,73,nan
76,74,nan
76,75,nan
76,76,nan
76,77,nan
76,78,nan
76,79,nan
77,0,nan
77,1,nan
77,2,nan
77,3,nan
77,4,nan
77,5,nan
77,6,nan
77,7,nan
77,8,nan
77,9,nan
77,10,nan
77,11,nan
77,12,nan
77,13,nan
77,14,nan
77,15,nan
77,16,nan
77,17,nan
77,18,nan
77,19,nan
77,20,nan
77,21,nan
77,22,nan
77,23,nan
77,24,nan
77,25,nan
77,26,nan
77,27,nan
77,28,nan
77,29,nan
77,30,nan
77,31,nan
77,32,nan
77,33,nan
77,34,nan
77,35,nan
77,36,nan
77,37,nan
77,38,nan
77,39,nan
77,40,243.94
77,41,252.08
77,42,226.52
77,43,253.24
77,44,240.46
77,45,223.04
77,46,241.62
77,47,220.72
77,48,241.62
77,49,225.36
77,50,234.65
77,51,242.78
77,52,250.92
77,53,248.60
77,54,242.78
77,55,246.26
77,56,243.94
77,57,236.97
77,58,218.39
77,59,226.52
77,60,nan
77,61,nan
77,62,nan
77,63,nan
77,64,nan
77,65,nan
77,66,nan
77,67,nan
77,68,nan
77,69,nan
77,70,nan
77,71,nan
77,72,nan
77,73,nan
77,74,nan
77,75,nan
77,76,nan
77,77,nan
77,78,nan
77,79,nan
78,0,nan
78,1,nan
78,2,nan
78,3,nan
78,4,nan
78,5,nan
78,6,nan
78,7,nan
78,8,nan
78,9,nan
78,10,nan
78,11,nan
78,12,nan
78,13,nan
78,14,nan
78,15,nan
78,16,nan
78,17,nan
78,18,nan
78,19,nan
78,20,nan
78,21,nan
78,22,nan
78,23,nan
78,24,nan
78,25,nan
78,26,nan
78,27,nan
78,28,nan
78,29,nan
78,30,nan
78,31,nan
78,32,nan
78,33,nan
78,34,nan
78,35,nan
78,36,nan
78,37,nan
78,38,nan
78,39,nan
78,40,214.91
78,41,176.57
78,42,231.17
78,43,238.14
78,44,230.01
78,45,209.10
78,46,238.14
78,47,242.78
78,48,241.62
78,49,223.04
78,50,217.23
78,51,257.88
78,52,228.84
78,53,210.26
78,54,234.65
78,55,223.04
78,56,223.04
78,57,178.89
78,58,219.55
78,59,211.42
78,60,nan
78,61,nan
78,62,nan
78,63,nan
78,64,nan
78,65,nan
78,66,nan
78,67,nan
78,68,nan
78,69,nan
78,70,nan
78,71,nan
78,72,nan
78,73,nan
78,74,nan
78,75,nan
78,76,nan
78,77,nan
78,78,nan
78,79,nan
79,0,nan
79,1,nan
79,2,nan
79,3,nan
79,4,nan
79,5,nan
79,6,nan
79,7,nan
79,8,nan
79,9,nan
79,10,nan
79,11,nan
79,12,nan
79,13,nan
79,14,nan
79,15,nan
79,16,nan
79,17,nan
79,18,nan
79,19,nan
79,20,nan
79,21,nan
79,22,nan
79,23,nan
79,24,nan
79,25,nan
79,26,nan
79,27,nan
79,28,nan
79,29,nan
79,30,nan
79,31,nan
79,32,nan
79,33,nan
79,34,nan
79,35,nan
79,36,nan
79,37,nan
79,38,nan
79,39,nan
79,40,187.02
79,41,190.51
79,42,231.17
79,43,234.65
79,44,242.78
79,45,225.36
79,46,234.65
79,47,231.17
79,48,221.88
79,49,220.72
79,50,243.94
79,51,242.78
79,52,248.60
79,53,226.52
79,54,206.78
79,55,227.69
79,56,167.28
79,57,196.31
79,58,221.88
79,59,202.13
79,60,nan
79,61,nan
79,62,nan
79,63,nan
79,64,nan
79,65,nan
79,66,nan
79,67,nan
79,68,nan
79,69,nan
79,70,nan
79,71,nan
79,72,nan
79,73,nan
79,74,nan
79,75,nan
79,76,nan
79,77,nan
79,78,nan
79,79,nan
